#type       avg     std     min      p5     p10     p50     p67     p75     p80     p85     p90     p95     p99    p999   p9999     QPS   target
read      241.4   133.3    93.8   174.4   184.7   227.3   246.7   257.7   266.8   276.4   292.9   320.1   526.2  1776.7  8242.1   5051.2     5000
read      282.1   153.2    86.8   152.0   181.6   266.1   298.9   317.8   332.1   347.7   371.3   412.4   698.6  1988.0  5109.9  10100.6    10000
read      322.5   247.8    86.8   144.5   169.7   298.5   342.3   367.3   385.9   407.4   437.3   494.6  1105.9  3328.5  7902.2  14937.0    15000
read      334.3   208.6    80.4   140.9   164.0   317.6   370.1   399.6   421.6   447.1   479.9   534.8   818.6  2870.3  7129.0  19836.0    20000
read      382.4   389.6    80.4   140.9   166.9   340.2   404.5   441.0   466.9   498.8   540.3   620.2  1384.3  6791.8  8466.3  24938.0    25000
read      377.2   294.3    80.4   138.0   163.3   340.7   414.5   456.5   486.4   521.6   567.9   651.4  1182.8  4746.9  7837.0  30052.2    30000
read      473.1   560.4    80.4   142.4   178.5   374.1   460.2   512.3   551.1   607.4   704.0  1057.6  2485.1  7590.9 10831.0  34952.8    35000
read      633.5   755.7    74.4   158.2   208.3   435.9   563.0   664.1   790.9  1039.0  1234.2  1477.3  3975.8  8484.1 10705.2  39666.6    40000
read      762.5   637.2    80.4   205.0   266.4   617.1   879.0  1029.2  1117.3  1195.8  1276.6  1534.5  2587.1  7889.4  9395.5  45018.4    45000
read     1529.4   881.5   173.5  1207.9  1232.5  1343.1  1377.2  1411.7  1448.1  1484.4  1603.7  2602.0  7589.0  9041.9 12512.6  45586.0    50000
read     1462.0   822.7   187.4  1183.7  1200.5  1302.4  1347.2  1368.3  1381.5  1433.3  1533.8  2450.7  7499.7  8590.6 11030.2  47469.7    55000
read     1472.9   818.9   137.8  1191.2  1205.1  1311.8  1353.4  1373.0  1385.2  1445.2  1558.3  2478.7  7427.2  8137.2 11174.3  47087.0    60000
read     1473.1   836.4   187.4  1190.0  1203.0  1307.1  1351.0  1371.7  1384.6  1448.6  1570.8  2475.8  7412.6  9645.5 13571.5  47155.6    65000
read     1406.9   766.2   236.1  1124.7  1154.0  1253.8  1291.0  1330.3  1354.8  1379.4  1486.4  2393.4  7143.2  8121.3 10849.1  49102.9    70000
read     1496.7   889.1   218.6  1189.4  1201.7  1301.2  1347.7  1369.5  1383.2  1448.2  1598.8  2536.0  7555.6  8938.8 13035.8  46375.0    75000
read     1464.8   845.0   236.1  1179.2  1198.5  1290.3  1339.4  1362.5  1377.0  1422.1  1561.7  2466.9  7562.3  8891.2 10922.8  47501.1    80000
Warning! Detected max cpu usage > 95%
CPU Usage Stats (avg/min/max): 65.43%,0.50%,100.00%
