#type       avg     std     min      p5     p10     p50     p67     p75     p80     p85     p90     p95     p99    p999   p9999     QPS   target
read      242.9   161.0    86.8   174.4   185.5   227.2   246.4   257.3   266.6   276.4   293.0   319.7   553.8  1822.1  7839.4   4982.8     5000
read      271.8   116.6    80.4   151.6   179.0   262.5   294.0   311.6   323.6   339.7   360.4   393.5   490.3  1579.8  3230.1  10034.0    10000
read      319.0   376.9    86.8   142.3   165.9   287.1   330.8   354.8   372.3   394.8   423.8   470.4  1042.5  6031.6 13296.7  15051.0    15000
read      320.4   209.6    80.4   138.1   159.5   302.3   356.3   385.6   405.5   431.0   463.1   510.7   713.1  3065.7  7657.1  19990.4    20000
read      348.0   275.4    86.8   136.6   158.9   320.3   384.5   419.8   444.9   473.5   510.2   572.6   942.0  4627.4  7881.0  25130.4    25000
read      446.3   625.8    80.4   137.3   163.2   342.7   424.1   470.7   506.6   550.6   626.5   929.0  2813.0  7874.2 12905.2  30111.0    30000
read      447.3   510.9    80.4   140.6   174.1   365.1   446.2   494.1   529.4   574.2   645.9   924.1  1992.2  7560.4  9235.8  34992.4    35000
read      469.8   501.8    80.4   142.8   175.6   374.1   471.0   529.6   574.5   635.1   743.9  1108.3  2157.2  7553.2  9272.5  39826.0    40000
read      835.9   736.3    80.4   232.3   297.0   671.6   978.8  1134.3  1219.2  1289.1  1360.1  1542.5  3187.3  8066.0 11705.3  44573.0    45000
read     1470.1   816.9   101.3  1187.9  1206.5  1326.1  1364.6  1382.7  1419.0  1466.6  1571.3  2471.2  7400.8  8136.0 10618.2  46656.9    50000
read     1484.7   820.6   187.4  1197.6  1215.2  1328.2  1365.0  1382.4  1413.9  1456.9  1514.4  2497.8  7458.5  8464.2 11759.1  46708.8    55000
read     1504.1   835.4   218.6  1205.0  1228.5  1340.6  1374.9  1402.9  1438.2  1473.5  1558.8  2547.7  7555.1  9049.1 12189.5  46219.2    60000
read     1461.5   802.1   255.0  1190.9  1204.1  1306.7  1347.1  1366.1  1377.9  1411.1  1493.4  2472.3  7398.0  8126.3 10929.9  47494.6    65000
read     1548.9   879.1   275.4  1220.8  1261.9  1361.7  1411.0  1448.3  1471.7  1495.0  1608.4  2610.4  7626.4  8444.4 11288.4  45143.0    70000
read     1485.8   820.9   187.4  1200.4  1219.2  1331.4  1367.0  1383.8  1420.6  1465.1  1551.8  2470.5  7516.6  8670.2 14532.1  46801.4    75000
read     1467.4   815.5   218.6  1181.3  1200.2  1303.0  1348.4  1369.8  1383.2  1442.1  1554.5  2478.2  7404.0  8233.5 12795.6  47267.0    80000
Warning! Detected max cpu usage > 95%
CPU Usage Stats (avg/min/max): 65.83%,2.01%,100.00%
