#type       avg     std     min      p5     p10     p50     p67     p75     p80     p85     p90     p95     p99    p999   p9999     QPS   target
read      244.3   131.6    93.8   175.7   187.8   230.7   250.6   262.6   271.0   282.7   297.7   329.0   468.8  2210.3  7265.1   4971.4     5000
read      284.9   203.0    86.8   152.9   181.0   263.6   295.9   315.1   329.2   345.2   368.9   412.3   842.0  2458.2  7864.0  10038.8    10000
read      327.8   276.4    86.8   144.5   170.0   302.3   346.5   372.1   391.5   414.2   445.2   502.3   966.8  4711.4  7902.3  15000.4    15000
read      358.4   408.8    80.4   141.6   165.2   319.6   374.0   404.7   427.3   454.2   490.0   551.8  1279.7  7310.5  9494.9  19970.6    20000
read      401.7   516.7    80.4   142.9   168.2   339.9   405.2   442.7   469.5   502.7   546.0   640.9  1743.1  8242.9 14134.3  25012.6    25000
read      370.9   294.9    80.4   138.3   162.5   335.2   406.4   447.2   476.2   510.2   553.1   631.5  1222.0  4375.5  7996.7  30031.0    30000
read      498.9   669.1    80.4   141.2   171.8   365.2   456.3   512.2   556.0   621.3   783.6  1226.3  3264.4  8067.8 14655.9  35132.2    35000
read      470.5   514.8    80.4   142.9   175.6   374.2   468.7   526.5   570.3   630.1   737.4  1100.9  2109.7  7449.0  9635.7  40128.2    40000
read      533.6   419.8    74.4   167.0   216.2   442.8   559.3   634.4   693.8   786.0   951.3  1184.3  1832.2  5911.3  8080.8  45089.4    45000
read     1530.3   873.2    93.8  1199.7  1223.8  1346.6  1385.4  1437.5  1471.1  1524.8  1695.1  2581.4  7610.6  8481.9 11860.4  45336.8    50000
read     1571.5   889.4   202.4  1249.7  1289.3  1380.1  1437.4  1466.1  1484.0  1526.5  1663.8  2642.3  7653.1  8468.1 10839.4  44541.8    55000
read     1436.7   775.4   109.4  1168.0  1197.0  1290.0  1336.7  1358.6  1372.4  1386.1  1480.5  2425.1  7230.0  8136.0 11363.7  48164.2    60000
read     1523.6   819.7   109.4  1223.2  1264.1  1360.3  1405.7  1442.1  1464.9  1487.6  1584.4  2574.5  7577.7  8666.8 10266.2  45710.1    65000
read     1563.7   904.8   187.4  1232.7  1282.1  1367.2  1419.2  1452.4  1473.2  1493.9  1609.7  2649.6  7638.5  8939.6 13083.0  44705.6    70000
read     1524.1   830.0   187.4  1220.1  1259.8  1357.2  1397.8  1436.8  1461.1  1485.4  1586.9  2587.3  7535.0  9064.1 12976.9  45645.4    75000
read     1505.1   845.1   202.4  1199.6  1218.4  1333.3  1370.6  1394.0  1437.6  1481.3  1602.8  2520.1  7564.5  8356.2 11844.3  46332.9    80000
Warning! Detected max cpu usage > 95%
CPU Usage Stats (avg/min/max): 66.43%,1.00%,100.00%
