#type       avg     std     min      p5     p10     p50     p67     p75     p80     p85     p90     p95     p99    p999   p9999     QPS   target
read      265.7   217.6    93.8   178.4   191.2   241.7   265.8   280.1   292.7   309.4   333.6   382.1   653.5  3172.9  7988.5   4998.2     5000
read      291.5   201.8    86.8   149.8   180.1   268.3   303.8   323.6   338.7   357.6   384.7   435.9   994.2  2375.3  7535.3  10014.2    10000
read      293.1   151.0    80.4   141.2   163.7   278.4   321.9   344.2   361.7   381.9   407.8   452.9   685.9  1957.2  3922.2  14971.8    15000
read      369.2   408.8    80.4   139.8   164.5   320.8   374.9   405.1   428.2   456.1   494.0   569.0  1813.7  6269.4  8072.4  19963.0    20000
read      390.2   487.4    80.4   139.8   163.3   327.0   391.9   428.7   455.6   487.9   531.7   627.0  1938.2  7466.2  9775.5  25029.6    25000
read      426.6   539.3    80.4   138.6   163.5   338.3   413.1   456.4   488.2   527.3   584.1   786.5  2723.8  7837.7  9343.7  29800.2    30000
read      445.8   512.2    80.4   141.7   172.3   361.9   443.7   492.6   528.6   574.0   645.7   957.8  2023.7  7406.3 10884.8  34918.8    35000
read      477.0   491.8    74.4   145.9   180.9   383.9   482.1   540.9   586.8   650.9   761.7  1076.4  2005.1  7788.2 10774.4  40016.2    40000
read      763.9   619.9    80.4   209.6   274.5   618.5   888.7  1027.4  1112.6  1202.1  1303.2  1551.6  2488.8  7871.3  9184.5  44941.6    45000
read     1480.6   832.8   202.4  1190.5  1204.3  1312.2  1355.8  1376.3  1400.3  1463.9  1601.6  2485.7  7507.4  8394.0 11527.8  46816.4    50000
read     1482.2   843.2   101.3  1173.5  1199.2  1303.6  1351.4  1373.8  1394.3  1462.4  1626.1  2495.8  7536.9  8358.9 10545.1  46878.6    55000
read     1469.5   827.3   202.4  1181.5  1199.8  1300.3  1348.4  1371.0  1385.2  1452.7  1585.0  2469.5  7536.7  8522.9 12447.5  47371.4    60000
read     1499.6   846.4   127.6  1196.3  1211.7  1323.9  1364.9  1384.2  1427.1  1476.2  1604.7  2530.4  7559.5  8821.2 10769.1  46381.0    65000
read     1507.5   833.8   218.6  1197.7  1215.3  1332.0  1371.9  1402.7  1446.5  1490.2  1669.0  2522.3  7547.5  8752.1 10307.5  46140.2    70000
read     1431.7   804.8   187.4  1131.8  1167.2  1261.0  1307.3  1341.8  1363.4  1385.0  1536.6  2430.2  7282.9  8160.0 11749.7  48363.4    75000
read     1496.8   821.7   137.8  1200.6  1219.0  1332.1  1368.7  1385.9  1431.0  1477.0  1598.6  2520.2  7554.5  8131.3 10496.6  46497.4    80000
Warning! Detected max cpu usage > 95%
CPU Usage Stats (avg/min/max): 66.03%,1.01%,100.00%
