#type       avg     std     min      p5     p10     p50     p67     p75     p80     p85     p90     p95     p99    p999   p9999     QPS   target
read      233.4    98.6    93.8   171.3   181.4   222.9   241.5   252.4   261.4   271.7   287.5   313.9   403.3  1364.5  3923.8   4980.2     5000
read      283.8   192.3    86.8   151.7   181.8   266.0   297.9   316.4   329.7   344.1   366.2   402.4   770.8  2356.1  7843.8   9959.6    10000
read      339.5   420.3    86.8   145.4   168.7   292.9   336.6   361.6   380.0   401.7   432.8   492.5  1638.7  6806.4  8128.8  14861.8    15000
read      336.9   307.0    86.8   138.4   160.7   310.4   362.8   392.1   413.3   438.1   471.0   529.1   974.6  5448.9  8013.2  20061.2    20000
read      394.5   570.7    80.4   137.8   159.3   322.1   389.8   427.4   454.8   487.2   531.7   631.6  1967.2  8174.9 14777.5  25030.6    25000
read      414.8   471.6    80.4   141.6   169.5   350.6   427.0   470.3   502.9   541.3   595.0   720.4  1710.1  7396.9 11926.7  30046.8    30000
read      399.1   293.9    80.4   140.6   169.8   355.9   437.1   485.1   519.9   560.8   618.6   720.9  1283.8  3956.0  7869.8  35056.6    35000
read      432.9   387.2    80.4   142.6   176.0   369.1   458.3   510.4   548.5   597.2   670.0   847.8  1491.8  6056.0  8094.3  39818.6    40000
read      758.3   687.2    74.4   195.5   258.2   573.1   858.8  1075.9  1166.9  1233.4  1305.2  1520.1  2711.2  7984.3  9464.5  44889.4    45000
read     1490.0   811.3   118.1  1196.1  1216.7  1336.4  1374.1  1404.3  1439.7  1475.1  1569.8  2496.3  7492.9  8119.2 10219.5  46328.2    50000
read     1541.6   847.9   160.7  1213.2  1245.2  1360.8  1414.9  1454.2  1478.8  1525.6  1669.0  2586.9  7585.0  8133.5 11503.3  45203.3    55000
read     1527.8   868.4   202.4  1204.6  1227.4  1345.4  1383.4  1428.6  1460.0  1491.5  1640.5  2574.8  7581.9  8780.1 15171.2  45709.2    60000
read     1494.0   850.6   218.6  1191.7  1206.9  1320.7  1363.6  1383.8  1425.7  1474.6  1595.1  2496.5  7558.5  8527.7 13615.4  46520.7    65000
read     1491.6   849.5   160.7  1189.0  1202.5  1312.5  1361.6  1384.8  1435.0  1489.3  1676.7  2486.5  7550.6  9246.7 14722.2  46716.6    70000
read     1452.6   792.6   173.5  1152.9  1192.9  1290.8  1345.8  1371.7  1392.6  1454.3  1576.2  2428.5  7302.3  8426.2 11987.1  47707.6    75000
read     1547.4   910.4   297.4  1208.7  1236.0  1350.9  1389.8  1438.5  1468.8  1506.2  1665.1  2602.4  7643.2  9139.9 14586.5  45148.8    80000
Warning! Detected max cpu usage > 95%
CPU Usage Stats (avg/min/max): 65.70%,0.50%,100.00%
