Timestamp start: 1778781436531
Timestamp end: 1778783236905

#type       avg     std     min      p5     p10     p50     p67     p75     p80     p85     p90     p95     p99    p999   p9999      QPS   target
read      222.0    76.1    93.8   146.6   159.1   213.9   235.5   248.5   257.4   269.3   285.7   314.2   391.7  1138.9  2297.4   6889.8     6927
read      269.6   146.5    74.4   120.4   134.2   249.1   304.3   336.3   360.0   388.8   426.7   484.7   630.2  1473.3  4139.6  52658.8    52892
read      277.3   253.4    74.4   124.7   139.2   236.1   291.0   322.2   344.4   371.5   407.1   482.6  1025.0  3452.6  7718.2  98834.6    98921
read      266.4   131.2    74.4   121.3   135.3   245.0   302.4   333.5   355.9   384.1   423.7   489.1   632.6  1087.3  3347.9  61105.0    61129
read      264.5   163.8    74.4   124.9   139.7   251.1   298.4   325.7   344.6   367.4   395.1   438.2   539.2  1491.9  7631.6  40723.0    40613
read      259.6   119.1    74.4   118.7   131.7   243.1   296.8   328.1   350.3   376.8   409.1   461.5   571.1   906.4  2065.2  53304.4    53226
read      259.2   110.2    74.4   124.3   139.0   249.1   295.5   321.2   339.4   360.8   387.9   430.6   526.0   938.6  2242.3  38549.6    38560
read      306.8   292.6    74.4   128.3   143.8   247.8   306.1   340.5   367.4   401.7   460.6   624.4  1461.1  3469.1  7508.0 103445.2   103465
read      273.8   150.1    74.4   128.6   144.3   247.3   302.8   335.1   358.8   387.0   425.0   490.7   672.8  1644.5  3714.8 104746.2   104758
read      259.2   143.5    74.4   125.0   139.4   234.0   287.1   317.0   337.9   362.3   393.2   446.0   660.8  1744.1  3362.9  94831.4    94759
read      262.2   107.2    80.4   128.0   143.2   254.0   298.4   321.9   338.8   359.2   386.3   430.2   525.0   881.6  2942.2  37925.2    37799
read      221.8    90.6    93.8   145.6   159.0   214.6   236.1   249.5   258.9   270.2   286.2   313.0   379.1  1066.1  3194.2   8317.4     8296
read      285.5   197.3    74.4   121.0   134.6   246.7   312.4   352.8   385.3   426.2   476.7   553.5   793.6  2321.3  5489.2  69133.0    69443
read      232.1   111.1    86.8   142.6   157.9   224.2   249.6   263.8   273.4   287.5   305.7   334.6   401.9  1277.3  3195.5  12452.2    12517
read      271.8   120.8    74.4   126.4   140.9   257.9   311.6   340.3   361.9   387.1   419.6   467.9   569.2  1040.0  2399.3  43505.2    43591
read      252.0   107.2    80.4   139.3   156.4   244.5   276.1   295.2   309.3   324.7   344.5   378.9   469.3  1083.9  3484.1  20256.0    20430
read      275.6   186.1    74.4   123.2   137.6   234.2   292.9   327.5   353.6   387.0   437.2   551.8   898.2  2091.7  4072.1  93963.2    93758
read      223.3    89.1    86.8   142.2   156.5   216.8   239.3   252.8   263.2   274.2   291.9   317.8   383.5  1031.0  3877.1  10579.6    10485
read      239.8    81.5    80.4   141.1   157.8   233.8   262.8   277.9   290.5   305.3   323.4   352.9   420.8   851.4  2856.9  16577.8    16518
read      260.5   182.7    74.4   122.8   136.7   231.1   285.8   316.3   338.1   363.6   395.4   450.7   690.3  2465.2  4917.4  83141.0    83230
read      215.8   139.7    93.8   142.9   154.7   203.5   224.4   235.7   245.9   257.0   272.2   299.9   394.3  1834.8  7129.1   5458.6     5484
read      271.9   154.9    74.4   120.7   135.0   248.3   306.3   340.2   364.7   393.1   430.6   489.9   640.6  1806.6  3999.0  55371.6    55611
read      243.0    97.1    80.4   135.0   152.0   236.8   268.4   286.0   298.4   315.9   336.7   367.9   444.0   635.0  3202.2  20750.0    20774
read      310.2   293.6    74.4   127.7   142.8   246.0   304.0   339.2   366.8   403.2   472.5   693.1  1497.8  3476.7  7471.0  96656.8    96726
read      255.6   112.9    74.4   128.3   143.6   247.4   286.7   309.1   325.5   343.8   368.0   403.6   501.7  1328.4  2764.0  32414.4    32442
read      271.9   168.8    74.4   117.4   130.4   236.2   299.2   338.8   368.9   405.2   453.8   526.2   744.2  1891.8  3897.3  73028.8    73039
read      275.1   186.3    74.4   117.1   130.1   235.5   298.6   339.4   370.6   409.7   462.1   537.3   777.8  2385.3  4479.6  74045.4    74055
read      264.8   148.5    74.4   119.6   133.2   245.7   299.0   332.1   354.5   380.9   415.3   468.9   584.5  1587.9  4048.3  51102.2    51197
read      269.0   129.6    74.4   119.7   133.4   246.2   305.9   341.7   367.5   398.1   436.8   497.4   623.8  1137.2  1992.3  59540.4    59442
read      256.4   103.3    74.4   125.3   140.6   247.7   290.4   315.5   333.6   353.6   378.7   418.8   511.2   912.9  2409.9  35640.4    35654
read      275.9   210.9    74.4   118.7   131.8   235.3   299.0   339.9   371.6   411.0   462.4   536.4   733.3  2676.5  7382.0  78763.8    78747
read      259.7   120.7    74.4   122.8   137.2   247.8   295.0   323.5   343.0   365.6   393.9   435.3   539.3   976.3  3339.5  42189.0    42212
read      275.0   207.2    74.4   119.6   133.1   247.9   302.1   336.1   360.4   389.3   426.5   486.4   672.3  3081.3  5794.7  52717.4    52488
read      263.1   139.7    74.4   125.2   140.4   250.2   293.6   320.4   339.8   362.8   393.1   442.2   563.2  1096.7  6052.7  37068.8    36950
read      246.2    96.6    80.4   139.9   157.1   236.4   266.2   282.4   294.2   311.4   335.1   373.8   518.1  1033.7  2890.0  16781.8    16762
read      262.5   172.5    74.4   122.1   136.2   234.8   289.4   320.4   342.9   368.6   402.1   464.7   676.4  2050.3  5477.0  79476.6    79473
read      263.0   135.6    74.4   119.8   133.4   242.2   296.3   328.6   351.5   378.4   414.5   471.8   622.5  1317.7  3281.3  61340.6    61431
read      289.7   257.9    74.4   125.3   140.2   243.5   299.8   335.0   361.2   394.4   446.0   564.4  1025.1  3434.4  7591.0  87284.8    87172
read      269.2   163.4    74.4   128.3   143.7   242.2   293.5   324.1   346.0   372.3   407.7   470.2   703.0  2235.2  4173.8 107844.6   108181
read      256.1   146.6    74.4   121.9   136.1   233.1   286.1   315.6   337.2   361.8   393.8   449.7   628.9  1418.6  2988.9  80554.6    80515
read      260.7   111.3    74.4   126.0   141.7   250.7   290.9   315.2   333.8   355.3   383.2   431.7   567.7  1035.5  2587.8  36926.4    37149
read      229.1    99.1    74.4   139.6   154.9   220.8   246.4   261.4   271.8   285.3   302.8   336.0   425.2  1088.1  3192.1  13345.8    13444
read      307.6   248.1    74.4   120.5   134.7   249.3   318.3   365.2   401.7   449.8   513.4   632.6  1378.8  2564.7  5080.2  71855.4    72057
read      302.7   257.1    74.4   122.7   137.3   253.6   321.1   368.0   404.5   451.1   509.0   596.7   973.8  2898.6  8935.5  70155.8    70041
read      282.4   265.2    74.4   123.0   137.8   237.5   293.1   325.9   351.6   383.6   432.3   545.9   913.7  4151.1  7793.4  90139.6    90162
read      261.2   136.6    74.4   119.0   132.6   243.1   294.0   323.6   346.7   373.1   408.2   464.7   592.8  1337.6  3912.5  52051.4    52082
read      246.8    88.4    74.4   132.1   149.3   240.3   273.8   292.3   306.5   322.9   346.3   382.6   475.0   783.6  1729.4  24261.0    24258
read      280.1   192.8    74.4   118.5   131.7   240.8   304.2   345.3   376.5   416.5   468.9   544.3   793.7  2333.4  5027.8  72131.0    72013
read      268.0   135.4    74.4   119.2   132.7   246.4   303.3   338.7   364.7   395.6   433.9   495.3   620.1  1046.0  2914.9  57940.4    58012
read      266.8   125.2    74.4   122.8   137.3   251.9   302.2   332.5   355.3   380.8   414.2   466.9   581.8  1074.8  2971.0  45371.8    45398
read      264.9   125.9    74.4   120.3   134.0   248.1   300.2   332.0   356.5   383.9   418.7   470.2   581.3  1148.2  2980.4  50112.8    50177
read      256.1   112.2    74.4   125.1   140.5   247.7   289.3   312.6   330.6   351.9   375.4   415.5   509.1   918.0  3108.1  34440.0    34504
read      263.5   138.4    74.4   116.5   129.5   238.1   296.8   332.8   360.1   391.6   431.0   493.2   632.9  1274.5  2919.2  65954.6    66010
read      278.2   206.9    74.4   117.4   130.6   238.0   300.8   342.5   374.6   415.6   468.0   545.4   773.0  2439.1  7357.5  73930.6    73937
read      262.0   117.3    74.4   118.7   132.1   244.5   299.1   331.8   356.7   384.3   420.1   472.1   579.2   808.1  1587.6  54854.0    55020
read      269.4   132.5    74.4   120.2   134.0   249.1   304.1   338.2   363.2   392.1   429.5   491.1   635.0  1267.2  2241.5  53254.0    53235
read      290.4   257.8    74.4   123.9   138.8   237.9   294.7   329.7   357.8   393.1   449.4   582.7  1237.4  3383.9  7015.8  97700.2    97743
read      211.8   118.1    93.8   141.8   153.3   200.5   221.3   233.3   242.8   253.7   270.6   296.9   371.6  1149.2  7031.6   5424.4     5419
read      229.6    85.0    80.4   139.0   154.5   224.0   250.2   264.9   274.7   287.8   304.0   333.1   400.9   866.7  2867.5  14781.0    14764
read      226.0   128.9    86.8   146.5   159.4   214.5   236.9   250.4   260.3   272.2   289.2   317.5   422.7  1381.0  5465.0   7450.4     7451
read      273.7   140.2    74.4   124.9   139.1   254.1   308.5   342.4   367.1   396.0   431.5   487.9   599.7  1334.4  3705.8  48139.2    48208
read      242.1    84.1    86.8   141.5   158.6   235.1   265.1   281.2   292.9   307.6   326.1   359.7   434.9  1020.5  2759.5  16112.4    16149
read      288.4   235.8    74.4   124.3   138.8   242.0   301.8   338.8   367.7   404.0   462.5   579.6   952.1  3134.4  7148.4  79011.2    78989
read      252.3    89.8    80.4   142.0   160.0   246.7   277.7   294.7   307.8   322.1   345.5   378.2   458.0   698.2  3369.0  18941.4    18886
read      295.5   234.9    74.4   124.7   139.3   246.6   308.6   348.5   380.9   424.0   486.4   592.3  1020.0  3060.7  5920.4  75925.6    75954
read      280.1   134.0    80.4   128.0   142.6   262.1   314.9   348.0   372.1   401.4   439.0   498.8   627.2  1295.7  2908.4  44453.2    44409
read      246.2    81.2    86.8   142.7   160.5   239.7   270.2   286.7   297.8   312.6   331.9   364.4   438.6   942.1  1974.8  16467.6    16431
read      298.5   274.4    74.4   126.5   141.2   245.1   303.2   337.8   365.1   399.4   455.9   595.6  1295.5  3493.1  7556.9  85463.2    85707
read      281.6   143.0    74.4   124.5   138.7   254.4   314.3   353.0   381.1   417.0   466.3   538.1   691.9  1180.6  1973.0  58373.0    58253
read      308.0   299.7    74.4   132.9   149.6   257.0   312.7   345.4   370.5   401.2   447.7   550.9  1497.6  3777.5  8004.5 103938.4   103867
read      254.5    95.6    80.4   138.9   156.6   248.4   281.0   298.5   312.1   328.2   350.9   387.2   475.3  1017.8  2930.1  21649.8    21604
read      288.1   230.7    74.4   126.8   141.5   241.6   298.3   332.2   359.0   392.2   442.8   577.6  1078.7  3118.5  7335.1  90413.6    90401
read      256.2   134.6    74.4   124.6   138.9   234.0   288.1   316.5   338.8   364.1   394.7   443.7   589.2  1290.0  2582.6  84526.6    84467
read      279.0   209.7    74.4   130.6   146.2   246.5   299.4   329.5   352.4   379.0   415.4   477.7   823.7  3121.2  6380.0  99694.8    99700
read      267.6   101.8    80.4   132.1   148.4   260.6   301.6   324.2   343.5   365.4   392.9   435.7   536.3   826.6  1696.9  32097.8    32052
read      254.2   110.9    86.8   141.9   159.9   246.9   279.8   297.0   310.4   325.7   348.5   382.9   467.9   939.1  3840.7  18123.8    18173
read      298.8   225.0    80.4   123.9   138.3   252.6   320.1   366.7   401.5   446.2   503.0   588.2   870.7  2909.4  6913.0  67759.8    67789
read      282.4   136.3    74.4   125.3   139.6   259.4   318.7   357.5   385.1   418.2   460.1   522.1   660.8  1077.1  1946.4  51982.4    51929
read      287.3   228.0    74.4   126.1   140.7   242.1   299.7   333.9   360.6   393.0   442.0   574.4  1032.8  2857.2  6841.5  83924.0    83850
read      255.0    88.9    86.8   142.8   161.2   248.7   281.4   298.9   312.3   328.6   351.7   385.9   469.4   780.5  2801.2  18642.0    18614
read      272.8   112.8    80.4   135.0   152.1   262.5   305.1   329.5   348.8   370.3   397.8   440.5   551.0  1252.5  2555.9  29253.8    29315
read      404.7   489.6    74.4   143.1   164.3   297.9   365.5   407.9   444.3   497.4   585.6   837.7  3262.8  5190.2  8041.5 108170.2   108090
read      266.0    99.9    80.4   138.6   155.9   259.3   297.3   317.9   335.0   355.0   379.2   419.4   508.3   823.5  1973.3  27052.8    27024
read      285.3   146.2    80.4   127.0   141.6   263.0   321.2   359.5   386.6   418.6   459.5   520.6   660.8  1120.3  3186.8  49894.8    49907
read      225.5    95.3    86.8   145.5   159.2   217.5   241.3   255.4   265.9   277.0   293.6   318.8   389.5  1056.0  3814.9   9107.6     9150
read      272.6   127.2    80.4   129.5   145.0   259.7   306.4   334.2   355.6   379.2   409.7   457.3   565.9  1274.1  3879.2  34378.8    34328
read      283.8   150.2    80.4   124.6   138.8   257.7   317.1   355.6   383.8   417.9   461.8   528.7   681.8  1683.0  2795.1  51831.2    51881
read      248.1    89.4    86.8   145.8   163.1   241.2   271.7   288.5   300.0   314.6   335.2   367.5   439.7  1021.5  3583.8  14667.0    14569
read      285.7   233.4    80.4   125.3   139.7   240.9   299.0   333.3   360.2   392.7   440.0   546.6  1031.6  3257.8  6372.8  81379.2    81517
read      254.5   123.6    74.4   123.7   137.6   232.4   287.2   316.0   338.2   363.7   394.7   443.8   582.1  1136.3  2893.6  78779.6    78694
read      263.6   168.7    80.4   126.4   140.9   236.4   290.0   318.9   341.5   368.0   401.2   456.8   670.8  2036.3  6867.6  93282.0    93409
read      272.3   147.2    80.4   129.2   144.4   258.0   305.2   331.7   352.3   375.8   407.0   458.5   573.8  1775.4  4224.0  39032.6    39093
read      249.7    85.8    80.4   139.4   156.8   242.5   274.9   292.7   305.9   320.5   343.8   379.5   468.4   892.0  2029.7  18753.8    18729
read      273.6   208.0    80.4   124.5   138.7   241.6   298.2   328.2   351.5   378.7   414.6   480.0   823.9  2731.6  6952.2  70699.6    70818
read      256.8    98.9    80.4   138.3   155.7   250.1   284.5   303.4   316.7   334.6   358.0   393.8   485.3  1002.0  2949.3  21958.2    21942
read      310.9   303.5    80.4   128.6   143.8   248.1   306.4   342.1   370.4   405.4   464.2   639.6  1600.8  3636.8  7878.8  92044.4    91810
read      273.4   112.1    80.4   129.3   144.3   261.3   310.4   338.9   361.1   386.8   419.0   467.3   577.2   857.6  1547.4  39595.8    39588
read      281.7   160.4    80.4   128.5   143.2   261.8   314.1   346.0   370.4   398.3   433.7   492.5   636.5  1905.4  4869.3  40939.2    40957
read      290.2   191.6    74.4   123.4   137.5   252.4   317.3   360.3   392.8   433.1   485.4   561.0   765.5  2499.1  4312.2  62798.4    62645
read      245.1   105.5    86.8   143.6   161.0   238.4   268.4   284.7   295.9   311.2   330.9   363.6   434.5   790.6  2907.8  15532.2    15539
read      334.0   367.5    80.4   135.1   153.0   270.5   330.8   367.7   396.4   434.5   497.3   629.5  1724.4  5364.3  8930.0 107669.8   107672
read      270.2   121.7    80.4   130.9   146.8   260.0   303.3   327.3   345.9   368.4   397.6   446.6   563.1  1189.5  3369.7  32936.0    32954
read      296.4   177.4    74.4   124.4   138.8   259.8   325.6   370.3   404.4   447.4   501.3   581.2   811.3  1684.6  3857.4  58841.4    58866
read      274.4   130.2    80.4   136.5   154.2   259.8   300.8   323.9   343.5   366.6   395.8   446.1   618.6  1627.8  3116.5  23729.2    23739
read      317.1   223.1    80.4   126.1   141.4   270.2   339.4   385.0   421.0   466.1   527.0   629.7  1109.1  2450.0  4326.5  54524.4    54701
read      315.3   263.1    74.4   124.8   139.6   261.2   330.6   378.1   416.6   465.5   529.8   633.3  1099.8  3246.7  7714.2  60881.6    60706
read      282.9   217.4    74.4   125.9   140.2   246.0   304.4   337.7   363.1   393.4   435.2   525.8   868.7  2990.9  7169.1  72363.0    72350
read      288.7   192.6    74.4   124.3   138.5   254.1   316.0   355.5   384.8   420.6   467.8   542.1   794.0  2375.6  5001.0  58806.2    58661
read      274.5   130.0    80.4   129.6   144.8   259.4   307.4   336.4   359.3   386.1   419.9   470.3   587.5  1183.6  2655.6  34997.0    34912
read      386.8   501.6    74.4   139.4   158.7   284.2   348.3   388.6   420.9   465.9   545.1   751.3  3199.6  6008.5  9542.4 103098.8   103268
read      272.2   116.7    74.4   128.3   143.0   259.1   307.2   335.5   357.9   384.1   418.4   471.1   582.2   974.8  2238.5  38679.6    38703
read      274.8   219.1    74.4   124.7   138.9   235.9   292.6   322.9   346.5   375.4   414.4   489.9   981.6  3047.2  5958.0  83330.4    83358
read      274.8   149.8    74.4   124.4   138.3   250.2   307.6   340.5   365.7   395.7   436.4   508.4   668.5  1841.8  3071.5  57451.8    57408
read      360.1   397.6    74.4   130.5   146.7   260.7   328.5   376.2   417.8   481.4   603.1   917.1  2074.7  4287.5  7984.9  86791.0    86837
read      268.4   111.4    80.4   130.8   146.3   258.7   302.3   326.4   346.0   369.1   398.3   443.9   548.9   952.5  2414.9  33528.4    33517
read      309.2   259.8    74.4   125.2   139.5   255.3   324.5   372.6   411.3   460.9   524.0   621.0   989.8  3755.0  7603.8  66162.2    66204
read      313.5   265.1    74.4   126.4   141.0   252.9   319.2   366.7   404.7   461.7   542.8   676.4  1114.1  3273.8  7374.9  73921.4    73758
read      267.3   183.1    74.4   127.7   142.4   237.9   290.4   319.5   342.5   368.8   402.2   460.8   693.1  2555.4  5020.8  99979.4    99742
read      274.8   174.0    74.4   131.4   147.6   247.5   298.9   328.6   351.4   377.9   414.0   472.9   702.8  2573.2  4611.3 109756.4   109462
read      269.7   170.9    74.4   128.4   143.0   240.8   293.8   323.1   346.2   372.5   406.3   465.7   772.7  2251.2  3943.1  94520.6    94453
read      271.3   130.2    74.4   127.4   141.7   255.7   305.6   334.0   356.5   382.9   418.4   472.9   595.0  1246.3  2437.8  44081.0    44096
read      325.9   379.0    80.4   131.6   148.2   255.8   313.1   348.3   374.4   408.5   460.6   594.1  2096.1  4394.4  9591.2 100338.8   100467
read      225.7    88.6    93.8   147.2   160.6   216.7   239.7   253.7   264.7   276.5   293.9   320.6   406.6  1047.0  2979.1   8491.4     8576
read      291.7   183.2    74.4   124.6   138.7   256.1   319.9   363.3   395.3   434.1   485.5   559.9   784.7  1919.3  4378.6  59149.6    59359
read      226.0   132.0    93.8   147.7   161.2   216.5   239.5   252.7   263.0   274.1   290.8   316.5   396.3  1062.6  7281.0   7658.0     7614
read      292.0   190.5    74.4   124.9   139.0   254.8   319.6   363.5   396.1   435.2   486.1   559.7   781.3  2263.0  5787.6  60314.6    60329
read      279.1   155.4    80.4   127.7   142.1   260.3   313.7   346.3   370.4   398.9   435.5   492.5   604.9  1628.4  5207.6  43786.6    43762
read      299.3   217.6    80.4   124.1   138.7   251.8   318.8   366.2   403.1   451.9   512.5   600.4   872.7  2857.3  7008.3  67132.0    67038
read      261.1    94.3    86.8   135.5   152.0   254.4   292.5   313.2   329.0   348.5   372.9   411.8   500.7   771.2  2516.9  26115.6    26095
read      300.4   236.7    74.4   123.9   138.2   249.3   316.9   364.4   401.6   449.7   509.1   598.1   936.1  3169.6  5870.9  71050.4    71173
read      392.0   488.1    74.4   141.8   162.1   290.8   356.0   397.0   430.9   478.8   557.2   751.9  3267.2  5272.2  8049.8 108912.8   109276
read      249.0   153.8    86.8   147.0   164.9   237.7   266.1   281.8   293.5   308.1   327.0   363.7   469.2  1501.3  7698.2  13165.0    13150
read      273.5   133.0    74.4   122.0   136.4   249.1   307.8   343.6   371.6   405.5   451.3   516.6   640.4   918.5  2330.8  61153.4    61250
read      280.6   180.5    74.4   125.6   140.3   241.2   298.8   333.6   362.3   398.1   455.9   570.3   862.4  1859.5  4062.4  84610.4    84472
read      260.2   123.6    74.4   125.5   139.8   236.7   291.1   319.9   342.5   368.9   402.6   461.2   636.4  1190.5  2536.8  82268.8    82226
read      260.2   107.2    74.4   132.9   149.7   253.1   290.9   311.6   326.9   346.1   372.1   411.1   504.3   925.4  3829.2  27645.2    27671
read      285.8   257.6    74.4   127.5   142.4   242.3   296.1   327.0   351.1   380.4   421.5   504.9  1114.5  3458.6  7368.4  98823.4    98736
read      273.8   184.8    74.4   129.6   145.2   244.4   296.8   326.9   350.0   377.1   413.4   475.5   722.9  2497.5  7199.2 106112.4   106314
read      265.1   160.1    74.4   128.6   143.6   240.0   291.3   319.5   342.0   368.2   401.1   457.9   636.3  2041.6  4702.2 105066.0   105027
read      259.8   148.2    74.4   125.7   140.1   234.2   286.6   315.4   337.7   364.3   397.8   453.5   635.9  1988.9  3880.5  96806.0    96867
read      260.4   165.2    74.4   124.8   139.1   233.9   287.7   316.6   338.8   365.6   399.0   453.8   631.2  2000.8  6679.3  89301.6    89493
read      267.5   137.2    80.4   122.5   136.7   249.9   301.8   331.4   355.2   382.6   418.1   473.8   602.2  1272.7  3641.0  50466.6    50538
read      249.9    92.0    80.4   135.9   153.2   243.1   276.3   294.4   307.7   322.0   345.4   381.8   474.9   899.9  2035.1  22138.4    22083
read      283.6   202.4    74.4   125.1   139.4   259.0   313.2   347.2   373.3   403.8   443.7   503.1   646.4  3025.8  6935.4  48495.2    48618
read      303.0   298.6    74.4   126.3   141.3   243.8   301.7   337.3   365.7   402.5   463.4   610.7  1432.2  3615.4  7908.7  94164.2    94298
read      281.5   167.3    74.4   123.3   137.6   249.1   309.3   345.8   374.2   410.4   460.5   539.2   768.7  1895.8  3201.8  63551.0    63579
read      281.7   186.0    74.4   119.6   133.1   246.0   309.3   349.8   380.6   419.3   467.9   541.6   771.5  2153.6  5121.7  64425.4    64573
read      295.3   200.6    80.4   123.9   138.4   245.8   311.4   357.2   396.1   448.3   516.3   614.7   890.4  2495.1  3655.1  77271.8    77178
read      271.2   118.8    80.4   134.6   151.6   263.2   305.2   328.2   345.6   367.2   394.4   435.0   536.8   953.2  4409.3  29727.0    29824
read      308.9   289.5    74.4   125.9   140.3   255.3   319.9   364.4   399.1   444.4   503.3   592.2  1144.6  3885.9  7946.0  64682.4    64495
read      257.8    99.6    74.4   140.2   158.2   252.7   286.4   304.7   317.5   334.7   357.3   393.7   473.6   708.9  2293.0  20940.8    20917
read      288.9   195.1    80.4   128.4   143.4   246.9   304.3   338.3   365.5   399.8   454.2   579.7  1006.0  2176.6  3614.7  85560.6    85651
read      291.9   195.6    74.4   126.7   141.2   256.1   315.3   350.6   378.4   413.8   466.5   562.9   903.1  2270.2  5170.3  61991.4    61935
read      298.5   178.9    74.4   127.9   142.9   267.3   328.3   367.9   397.8   435.3   486.3   562.8   817.3  1942.9  3915.9  50324.0    50216
read      319.1   321.8    74.4   128.1   143.3   259.6   322.4   362.7   393.8   434.4   501.5   640.2  1438.8  3975.5  8964.9  72091.8    72251
read      284.7   247.3    80.4   126.4   140.8   247.7   305.7   337.3   361.4   389.9   428.7   506.1   925.9  3650.6  7789.8  71419.2    71798
read      259.8   112.2    80.4   140.4   158.8   252.8   287.3   306.6   319.9   338.9   363.2   399.1   482.1   851.5  3944.0  19692.6    19701
read      265.7   101.9    80.4   136.5   153.9   258.2   296.2   317.6   334.5   354.5   380.5   422.7   517.4   848.5  2722.4  24844.6    24952
read      276.5   173.5    74.4   125.5   140.0   240.3   297.3   330.1   356.5   390.0   437.4   541.4   853.9  1710.0  3278.0  81872.6    81838
read      262.9   125.9    80.4   134.6   151.5   254.6   292.4   313.2   328.9   347.8   375.3   418.7   523.5   883.6  6497.3  26740.0    26648
read      257.1   101.4    80.4   134.0   150.8   249.7   287.2   307.5   321.2   340.9   366.5   403.2   496.8   739.4  2792.5  24840.4    24837
read      263.1   113.1    80.4   132.2   148.4   253.7   294.8   317.1   334.5   355.5   383.3   425.3   525.1  1009.6  3122.7  29313.0    29420
read      350.8   430.8    74.4   131.4   148.9   264.2   323.5   361.6   391.8   432.4   500.6   673.6  2545.2  4721.9  8020.2 104075.6   103882
read      295.2   210.3    74.4   123.4   137.9   248.0   311.5   354.2   391.1   438.8   505.0   603.8   916.3  2545.9  4903.5  70310.2    70314
read      283.8   163.5    80.4   122.6   136.3   250.2   312.1   352.2   386.0   427.2   479.6   552.4   728.4  1795.1  3113.8  61781.2    61679
read      275.4   152.9    80.4   123.6   137.8   254.5   308.3   340.3   366.6   397.6   436.8   497.4   628.1  1662.9  3959.2  49413.8    49557
read      245.6    85.9    80.4   138.7   156.2   239.5   270.7   287.7   299.3   314.5   334.9   369.0   450.0   773.4  2392.6  19292.4    19325
read      224.9    93.0    93.8   146.8   160.6   217.8   239.7   252.7   262.7   273.5   290.1   316.4   391.5  1048.2  2514.9   9072.2     9128
read      305.7   273.7    74.4   129.0   144.5   247.8   304.3   338.1   365.8   401.6   463.6   635.5  1429.4  3162.2  7511.3  94949.6    94933
read      255.8    94.2    80.4   134.9   152.2   249.5   284.3   303.1   316.7   334.9   359.8   398.9   496.9   826.9  1880.6  24307.0    24327
read      301.3   252.4    74.4   123.0   137.5   248.1   314.1   361.0   399.5   449.4   513.9   612.1   944.5  3361.9  7414.2  71685.4    71896
read      322.4   326.9    80.4   128.9   144.4   250.1   307.9   343.8   373.3   414.0   489.4   741.1  1732.9  3432.6  7754.9  93735.2    93771
read      248.3    87.0    80.4   138.6   156.1   242.7   273.2   290.0   302.0   316.5   337.4   372.0   464.5   871.9  2806.2  20416.8    20452
read      269.8   138.6    74.4   126.1   140.6   254.7   302.6   330.6   353.0   380.6   414.1   466.7   583.2  1100.2  4777.2  42227.4    42338
read      301.2   223.0    80.4   124.3   138.8   249.7   315.6   363.1   403.1   456.6   523.3   620.2   919.8  2808.6  5099.9  72912.8    72627
read      318.8   285.7    74.4   126.0   140.9   250.6   318.5   370.7   418.8   483.5   569.5   705.9  1098.4  3477.9  7936.7  80263.6    80603
read      272.7   127.0    80.4   124.1   138.6   254.0   307.8   340.6   366.9   397.5   435.5   494.3   604.3   945.7  2231.0  49159.8    49049
read      286.0   252.9    74.4   128.2   142.8   243.3   297.7   328.9   353.0   382.9   423.7   504.1  1138.8  3549.8  6411.9  92321.2    92305
read      274.0   135.6    80.4   125.8   140.0   252.4   306.4   337.2   361.7   391.9   433.3   502.5   658.0  1492.5  2450.4  56721.4    56889
read      295.4   222.3    74.4   122.7   137.0   242.6   308.0   354.8   395.8   449.2   516.7   615.6   887.2  3111.9  5617.3  78132.4    78036
read      294.7   218.1    74.4   123.3   137.3   247.1   311.7   356.8   395.0   444.1   506.6   595.4   862.7  3003.9  5296.4  71767.4    71583
read      301.8   261.0    74.4   124.0   138.5   248.5   312.5   356.3   393.5   442.2   508.6   607.0  1043.8  3262.6  7919.6  72753.8    72609
read      273.3   172.8    74.4   132.4   148.6   247.1   297.4   326.2   347.9   374.3   408.6   467.5   672.0  2800.9  4600.7 107375.6   107382
read      258.3   145.4    74.4   125.5   139.8   235.1   286.9   314.6   335.3   360.7   393.4   447.1   627.0  1475.7  4460.0  86793.2    86530
read      241.5    75.1    80.4   141.4   158.9   234.7   263.8   279.5   291.4   305.6   323.2   359.1   451.4   818.7  1381.4  16559.2    16550
read      278.2   191.1    74.4   124.8   139.3   238.6   294.1   326.0   352.7   387.5   441.1   556.0   884.3  2339.8  5065.5  84351.2    84534
read      248.9   102.4    74.4   123.4   137.4   233.5   284.9   310.5   328.6   350.3   378.3   422.4   534.6   813.0  1360.4  72641.4    72631
read      274.3   134.2    74.4   125.1   139.4   254.7   305.4   336.0   361.2   392.2   433.2   498.3   649.3  1273.3  2891.8  49284.6    49291
read      279.4   398.0    80.4   122.9   137.1   249.6   308.3   345.0   375.4   413.2   462.9   535.6   692.3  1417.9  2843.3  62174.6    62175
read      277.2   194.2    74.4   126.1   140.2   240.7   295.8   326.7   351.3   382.6   428.4   529.4   895.4  2275.8  6544.0  80150.2    80213
read      241.1    72.0    80.4   142.1   159.9   235.7   263.8   278.5   290.0   303.2   319.8   352.8   426.8   930.5  1381.5  16556.0    16566
read      286.6   209.5    74.4   125.3   139.8   256.3   311.7   345.7   372.7   406.3   453.7   527.7   788.5  2779.2  7723.2  53818.4    53985
read      389.7   480.2    80.4   138.8   157.5   278.2   343.5   386.2   422.7   475.5   579.0   984.9  2908.2  4999.1  8201.0 101819.4   101949
read      256.2   121.7    80.4   135.7   153.0   249.1   283.9   302.3   315.6   333.0   356.2   392.6   489.7  1079.5  5978.0  24040.4    24076
read      278.8   156.6    80.4   123.4   137.6   256.3   313.4   349.1   375.4   406.9   448.5   510.4   647.8  1499.2  4240.9  52722.4    52574
read      383.9   494.3    74.4   139.7   158.9   281.1   343.5   383.5   416.3   463.4   545.1   831.9  2865.5  6455.6  9467.7 106273.6   106271
read      284.5   213.3    74.4   132.2   148.4   249.5   302.7   334.0   357.7   385.6   423.7   496.1   904.0  3072.2  6481.7 105443.0   105451
read      259.1   156.4    74.4   124.2   138.3   232.6   286.3   315.3   337.9   365.1   398.8   457.7   664.8  1530.9  4186.7  86102.6    86087
read      257.9   100.4    80.4   132.7   149.2   251.9   289.5   309.5   323.4   343.1   368.1   405.7   500.9   911.4  1488.4  29251.2    29108
read      313.1   332.8    74.4   129.3   145.1   248.6   304.1   337.8   364.7   398.5   452.5   607.7  1727.8  3990.2  7900.4 101020.0   101115
read      252.6   122.0    74.4   123.1   137.0   231.9   286.7   314.7   335.4   360.1   390.4   435.1   554.9  1159.7  3420.7  74334.0    74326
read      255.3   128.3    74.4   123.8   137.8   233.5   288.6   316.8   338.5   363.9   395.2   444.8   586.7  1031.8  3160.0  76026.6    75832
read      260.9   332.8    74.4   127.1   141.5   235.6   287.9   316.5   338.5   364.9   398.0   451.7   621.4  1828.2  3437.1  95127.2    94901
read      244.9    92.6    86.8   143.9   161.4   238.3   267.2   282.9   294.0   308.4   326.5   359.5   436.2  1004.6  3235.6  15892.4    15809
read      261.8    96.3    80.4   133.0   149.4   255.3   294.6   316.1   333.0   353.0   376.7   414.4   502.0   958.1  1901.9  28729.8    28874
read      280.1   159.7    74.4   124.5   139.4   258.0   314.2   349.6   375.3   405.0   443.9   503.3   638.0  1674.0  4396.9  52044.4    51882
read      272.9   112.3    80.4   135.3   152.1   264.7   308.4   333.0   351.3   372.0   398.3   438.8   532.5   962.5  3188.4  32731.4    32653
read      278.1   144.0    74.4   130.6   147.1   264.2   313.2   342.4   363.6   387.7   418.3   467.5   589.0  1519.4  4505.5  41693.4    41676
read      269.4   121.9    68.9   122.2   136.7   248.4   305.8   339.8   366.5   397.7   436.8   498.6   612.0   801.3  1768.9  62759.0    63019
read      268.5   165.9    74.4   127.4   142.2   237.3   289.5   318.6   341.5   368.8   403.7   469.8   868.6  1981.8  3798.2  99011.0    99164
read      259.9    99.8    74.4   125.7   140.5   252.1   299.8   323.8   342.9   365.7   393.0   433.2   521.0   629.4  1232.1  47081.6    47055
read      268.0   124.4    74.4   122.1   136.3   246.9   303.9   336.9   362.8   393.3   432.9   494.1   610.3   869.4  2236.9  62201.0    62394
read      262.4   332.6    74.4   126.3   140.8   235.1   287.1   315.6   337.3   363.5   397.2   456.4   717.8  1866.3  3158.5  98611.6    98519
read      259.4    97.4    74.4   131.9   148.1   255.8   293.8   314.0   329.2   347.6   372.1   407.7   486.8   612.9  3057.6  32210.2    32122
read      267.7   117.9    74.4   125.3   140.3   255.6   306.3   334.5   356.3   381.9   414.2   462.2   556.1   715.1  3159.7  49445.4    49464
read      257.2   103.6    80.4   137.7   155.5   254.8   287.7   305.4   317.6   334.4   355.9   388.3   458.9   616.1  2116.3  24048.4    24034
read      261.2   130.0    74.4   123.6   138.1   236.6   292.4   321.9   345.6   373.5   410.5   474.9   644.9   987.2  2550.3  77307.6    77363
read      251.9   112.4    74.4   124.7   139.3   232.2   284.3   312.4   333.0   357.9   388.7   434.3   549.9   856.6  2519.3  91956.2    91698
read      257.3    91.6    74.4   128.9   144.2   253.2   294.3   315.4   331.6   351.0   374.6   413.7   489.7   605.6  1721.6  39144.4    38997
read      260.7   135.6    74.4   124.0   138.4   233.5   288.1   318.0   341.4   369.7   406.7   475.4   691.1  1144.9  3392.4  86084.8    86028
read      249.7   110.4    74.4   123.8   138.1   231.4   283.7   311.4   331.4   355.5   385.9   431.2   533.3   737.4  2101.8  83222.8    83012
read      245.5    98.8    80.4   146.6   165.3   240.6   267.9   282.8   293.2   306.7   323.1   355.0   424.4   972.5  2808.1  14998.4    15024
read      269.3   118.9    74.4   123.9   139.0   252.7   306.8   338.2   362.8   391.5   427.6   482.8   586.5   741.0  2405.9  56411.2    56640
read      263.1   140.3    74.4   127.6   142.2   238.3   289.9   318.2   340.5   367.4   401.0   461.3   683.6  1378.2  3484.0  97255.6    97362
read      262.1   120.7    74.4   130.4   146.2   242.4   292.4   320.1   341.7   367.3   399.6   452.4   590.6   915.7  2153.4 107411.2   107412
read      266.9   123.2    74.4   122.5   137.0   245.3   300.9   333.0   358.7   389.3   430.9   496.1   619.3   829.5  1599.7  64859.8    65030
read      278.6   143.6    74.4   125.0   139.6   244.1   304.1   341.9   372.6   413.1   471.0   558.7   740.4  1051.9  2143.4  79383.0    79278
read      264.9   140.1    68.9   127.0   141.7   254.5   302.4   328.2   348.1   371.8   401.3   450.6   544.2   696.3  1781.5  47476.2    47544
read      268.9   145.4    74.4   129.9   145.6   242.3   293.0   321.6   344.1   371.0   406.6   472.5   769.6  1518.7  2351.6 105147.2   105368
read      265.1   135.1    74.4   123.9   138.6   248.6   300.9   328.9   350.9   377.2   412.4   468.7   584.3   908.6  2943.6  58190.4    58181
read      269.2   120.8    74.4   123.7   138.6   251.8   306.2   337.8   362.6   392.0   428.7   483.9   585.2   775.5  1506.0  56672.4    56960
read      241.8    73.8    74.4   144.4   162.8   237.2   264.4   278.9   289.8   302.4   318.9   348.7   419.2   803.3  2588.2  14910.2    14849
read      269.4   126.6    74.4   122.5   137.0   246.5   303.8   337.2   364.3   397.1   439.9   503.8   623.4   827.7  1771.0  63519.4    63672
read      267.0   111.3    74.4   124.9   139.8   255.1   304.9   332.8   354.5   380.0   413.3   463.9   567.3   711.5  1850.6  48046.4    48289
read      239.6    73.4    80.4   148.8   166.0   234.2   260.4   273.8   284.7   296.0   313.1   340.3   403.0   977.1  2048.7  11707.8    11797
read      238.8    99.1    74.4   150.8   167.5   232.9   257.6   271.0   281.0   292.8   309.3   336.6   403.6  1036.5  2887.2  10760.4    10781
read      266.9   113.3    74.4   124.6   139.4   253.1   304.4   333.4   356.0   382.1   416.1   467.5   573.0   744.6  1918.9  49190.0    49362
read      299.2   285.9    74.4   130.8   147.0   248.1   302.3   335.6   362.3   396.0   447.5   573.9  1324.2  3043.0 14251.9 101858.0   102119
read      264.2   105.2    68.9   127.2   141.9   254.1   301.3   326.8   347.1   371.4   401.2   449.9   545.3   676.8  1725.7  46221.0    46213
read      259.4   128.5    74.4   127.2   141.9   236.3   287.8   316.3   338.5   364.9   398.4   455.1   632.3  1145.5  2162.8  96992.4    97025
read      250.1    94.1    80.4   142.3   161.3   246.5   275.5   291.8   303.4   316.9   336.6   367.1   432.2   665.0  2796.1  18416.8    18351
read      255.7    97.6    74.4   138.2   155.9   250.7   284.5   303.0   316.2   333.7   356.9   392.5   473.2   622.3  2052.1  21435.8    21426
read      269.5   116.4    74.4   128.1   143.2   258.6   307.2   334.9   356.1   380.0   410.2   458.3   558.0   739.3  2152.8  42883.0    43013
read      272.2   141.6    74.4   122.5   136.9   245.6   304.2   339.1   367.4   401.4   449.4   520.4   661.8   906.1  2595.0  67431.8    67376
read      261.1    97.1    74.4   129.5   145.5   256.6   297.7   319.3   337.1   357.4   381.5   418.0   499.4   606.1  2090.9  36018.8    36043
read      229.1   115.3    80.4   151.3   165.0   220.6   242.7   255.4   265.8   276.6   293.1   318.3   398.8  1082.4  2016.2   6273.0     6255
read      292.4   270.2    80.4   130.2   146.1   246.7   299.4   330.2   354.5   384.0   425.7   519.2  1345.4  2944.8  5626.4 102035.6   102499
read      257.6    81.4    68.9   136.8   154.3   255.7   289.8   308.0   320.1   337.8   359.6   392.0   466.3   602.1  1075.8  26237.4    26263
read      267.4   119.0    74.4   123.6   138.6   250.5   303.6   334.2   358.6   387.2   424.0   479.8   583.1   741.9  1966.6  56791.4    56974
read      266.3   112.3    74.4   129.0   145.0   258.6   302.5   326.3   345.0   367.6   395.4   437.5   534.2   717.1  2839.6  41050.8    40869
read      266.9   104.2    68.9   128.0   143.2   257.2   303.9   330.2   351.1   374.9   404.4   453.7   547.1   724.4  1179.5  46408.8    46514
read      239.0    70.4    80.4   151.9   169.0   233.3   257.9   271.2   281.3   293.4   310.1   337.2   405.9  1031.8  1416.1  11461.4    11431
read      268.0   124.7    68.9   124.4   139.1   250.7   304.3   335.3   359.8   388.5   425.9   482.5   587.2   748.0  1988.1  58585.0    58600
read      277.7   144.0    74.4   125.0   139.7   249.8   308.0   344.5   373.4   409.9   459.0   531.6   679.5  1061.4  2767.4  68360.8    68058
read      269.9   117.2    74.4   126.0   140.9   255.1   307.6   338.1   361.6   388.7   423.2   475.5   578.7   735.4  2226.3  54490.8    54502
read      274.7   133.2    74.4   125.3   139.9   252.3   309.7   343.6   370.1   402.2   446.2   510.0   630.1   859.5  3030.8  63776.6    64022
read      272.9   120.3    74.4   127.9   143.0   258.7   309.7   339.5   362.4   389.5   424.9   479.6   586.7   774.6  2282.0  52259.4    52142
read      279.3   185.1    74.4   130.4   146.1   245.4   297.0   326.4   349.0   376.7   415.8   494.9   983.5  2351.3  3391.5 101499.4   101375
read      261.2    97.2    74.4   130.0   145.7   255.9   296.7   317.7   334.8   354.9   380.1   423.3   529.6   718.6  1653.3  40621.2    40606
read      269.8   110.3    74.4   128.8   144.4   258.6   305.6   332.6   353.7   377.7   408.6   461.9   577.3   857.3  1914.1  47387.4    47485
read      270.6   115.4    74.4   128.6   144.2   258.8   306.7   334.0   355.0   379.2   411.5   464.6   577.9   854.3  2849.9  48887.2    48977
read      267.2   128.3    80.4   131.0   146.8   259.7   302.3   324.8   343.2   364.5   391.4   434.1   538.6   827.3  3740.3  38888.2    38615
read      284.8   152.2    74.4   124.4   139.3   246.8   308.6   349.8   384.4   429.7   491.7   579.3   790.6  1082.6  2161.1  80273.4    80279
read      286.6   178.1    74.4   124.8   139.7   248.6   310.6   351.3   384.5   427.2   485.0   571.3   794.1  1519.5  3741.6  75899.6    75843
read      269.6   131.1    74.4   122.5   136.7   245.2   302.6   336.8   364.4   397.7   442.5   509.6   637.5   853.4  1989.5  67254.8    67095
read      267.4   103.7    74.4   129.7   145.6   259.2   304.8   329.7   349.3   371.4   398.9   442.1   540.5   781.1  1901.1  41395.6    41325
read      267.2   120.6    74.4   124.6   139.5   251.4   304.5   334.4   357.7   384.8   419.6   471.1   573.1   805.1  2805.0  55854.2    55752
read      258.7   124.8    74.4   124.4   139.0   234.5   288.3   317.0   339.4   366.5   401.3   467.0   645.8  1008.0  2538.8  85421.4    85561
read      239.0    73.0    80.4   148.8   165.2   235.1   260.7   273.7   284.1   295.1   311.4   337.6   402.9   611.3  2034.2  14210.6    14194
read      264.0   137.3    74.4   125.1   139.9   234.9   289.6   319.7   344.4   373.9   414.7   493.0   717.8  1099.3  3022.7  87996.2    88002
read      244.7   103.5    74.4   122.6   136.8   226.4   277.7   305.3   324.3   348.0   376.6   420.4   518.1   723.6  1742.9  90309.0    90515
read      251.5   110.2    74.4   126.5   141.2   231.9   281.0   308.4   328.3   352.9   383.7   431.8   556.5   983.8  2387.6 109378.4   109283
read      254.9    85.3    74.4   137.2   154.3   253.2   286.0   303.4   315.3   330.9   351.6   384.2   458.7   635.8  2127.9  26644.4    26699
read      269.7   108.5    80.4   131.3   148.1   262.8   305.3   328.7   346.7   368.2   394.7   436.6   553.9   834.3  2161.7  37272.2    37400
read      250.8    82.1    80.4   141.9   160.7   247.2   276.6   292.7   304.4   317.5   338.0   369.7   448.6   706.6  3148.8  19392.6    19307
read      238.9    84.3    74.4   148.7   165.6   233.8   259.3   272.8   283.3   294.7   311.6   339.0   408.2   735.4  3554.6  11542.6    11527
read      251.9   115.1    74.4   123.5   137.9   231.4   283.7   311.2   331.3   355.9   387.0   436.9   586.2   927.5  2540.3  83755.4    83787
read      246.7    82.2    80.4   138.5   155.8   242.0   272.0   288.8   300.5   315.0   335.6   369.5   454.7   732.5  2130.2  22268.4    22209
read      272.6   139.4    74.4   122.8   137.2   242.2   301.8   338.1   368.4   406.3   458.8   533.2   675.4   889.9  2189.8  75104.0    75169
read      274.9   148.4    74.4   123.1   137.7   244.4   303.8   340.2   370.5   409.5   460.9   533.7   679.2   974.1  4181.0  73936.0    73833
read      263.8   138.1    74.4   125.3   139.9   234.3   287.6   317.3   341.3   370.5   410.3   493.0   763.7  1199.8  1884.1  94420.4    94641
read      264.7   124.8    74.4   123.2   137.8   246.2   299.8   329.1   353.1   381.9   420.0   478.2   589.5   757.0  3174.6  61441.8    61338
read      274.0   150.0    74.4   126.6   141.5   240.0   294.6   326.2   352.3   384.9   434.1   544.5   832.6  1291.8  2211.7  91727.6    91825
read      250.8   104.9    74.4   123.5   137.7   233.6   286.3   313.0   332.9   356.9   386.0   430.7   539.6   744.4  1874.0  77197.6    77235
read      257.3   101.8    74.4   127.9   143.5   251.3   292.8   314.1   330.6   351.2   375.5   414.4   500.1   635.3  3086.8  37214.6    37257
read      257.5   115.7    74.4   131.0   147.4   252.6   291.4   311.5   325.8   344.8   368.9   403.0   490.2   662.9  2815.6  31989.8    32057
read      303.9   310.1    74.4   131.0   147.6   250.5   304.1   335.5   359.9   390.0   433.0   531.7  1607.0  3705.7  7884.7 108681.6   108618
read      259.1   128.8    74.4   121.9   135.9   235.7   291.8   320.7   345.1   373.9   412.7   476.2   611.3   856.3  2670.6  72936.2    72930
read      258.3   104.9    74.4   125.1   140.0   250.0   295.9   319.7   339.6   362.0   389.3   429.6   510.2   616.7  1768.7  43748.2    43714
read      256.5   123.2    74.4   123.8   138.4   232.4   285.8   314.6   336.7   363.4   397.7   458.1   637.4  1074.1  2820.7  87469.4    87369
read      256.9   108.6    74.4   123.0   137.3   243.5   294.7   320.1   340.9   365.7   396.9   447.0   542.8   673.5  1880.3  56562.4    56640
read      275.7   181.1    74.4   127.5   142.3   238.6   292.4   322.4   345.7   374.5   417.1   508.5   990.0  2130.8  3476.2  97803.2    97360
read      248.1   102.8    74.4   122.7   136.8   230.1   283.3   310.6   330.3   354.3   383.6   427.4   529.9   741.1  1632.6  80061.0    79788
read      228.3   104.0    80.4   144.2   159.4   221.1   245.5   259.6   269.9   282.2   296.8   322.3   395.7   989.7  6292.8  11406.8    11352
read      260.4   130.9    74.4   124.7   139.2   234.6   289.0   318.2   341.3   368.8   403.4   467.5   672.2  1191.9  2280.6  87891.4    87962
read      260.6    97.4    74.4   127.6   142.7   253.9   298.4   321.0   340.2   362.0   388.5   427.9   513.6   652.1  1273.6  40714.0    40663
read      266.6   125.7    74.4   122.4   137.3   248.6   304.1   336.1   361.4   390.1   426.0   479.3   581.7   743.9  1453.2  59544.6    59386
read      263.6   104.9    74.4   125.0   139.8   253.3   302.9   329.6   350.6   374.7   404.1   450.4   539.7   660.1  1630.9  48488.4    48302
read      244.2    75.1    80.4   140.4   157.9   240.7   270.5   286.5   297.1   311.5   329.8   360.7   421.2   550.1  2064.4  19324.0    19398
read      257.7   121.5    74.4   123.0   137.4   233.5   288.7   318.0   341.0   368.3   403.2   465.4   636.7   927.3  2409.7  82063.6    82197
read      247.1   107.0    74.4   121.8   135.8   230.0   282.5   309.5   328.7   352.4   381.0   424.3   517.2   690.0  2146.1  77243.2    77387
read      249.4   112.4    74.4   122.2   136.2   232.1   285.4   312.1   331.5   355.0   383.7   426.0   524.3   777.1  2827.4  72814.6    72753
read      219.1    73.7    86.8   144.1   157.1   212.6   234.7   248.2   257.5   269.3   285.1   311.1   373.0  1016.5  1771.0   7645.6     7720
read      259.1   104.5    74.4   124.0   139.0   249.5   296.7   321.5   342.1   365.8   394.4   435.9   522.0   641.6  2194.1  46209.6    46279
read      257.2   101.4    74.4   124.5   139.6   250.2   295.0   318.2   336.7   358.5   385.2   424.9   503.6   617.1  2035.7  42160.0    42102
read      259.0   133.5    74.4   124.4   138.9   233.5   286.9   315.6   337.9   364.6   398.8   462.2   683.2  1236.7  2325.8  91036.2    90892
read      258.6   103.5    74.4   126.8   141.7   252.3   296.4   319.2   337.8   359.0   384.4   422.2   500.9   613.6  2764.2  40067.2    39976
read      265.5   126.9    74.4   121.6   135.9   245.7   301.5   333.3   358.4   387.7   425.3   483.1   591.6   845.7  3056.4  61093.4    61084
read      234.5    65.4    80.4   138.6   155.3   230.5   258.3   273.1   284.6   296.8   314.5   343.5   403.7   537.6  1257.7  16715.2    16735
read      261.3   108.0    74.4   125.3   140.3   252.2   299.9   325.3   345.1   368.3   396.9   436.9   521.0   633.8  2127.7  45768.0    45909
read      251.5    84.5    74.4   131.3   147.7   248.3   284.6   303.8   316.8   334.4   356.7   388.0   454.4   570.4  2000.4  28899.6    28976
read      249.7   105.9    74.4   122.6   136.8   230.4   283.6   311.7   331.9   356.3   386.9   432.7   545.0   858.2  1666.6  84617.4    84704
read      249.7   111.3    74.4   124.5   139.2   230.6   280.8   308.6   328.8   353.5   383.4   428.8   539.6   872.9  2260.7 101923.8   101822
read      249.0   117.6    74.4   122.8   137.2   229.7   281.3   309.0   329.2   354.3   383.9   429.3   540.2   853.8  2866.2  92262.2    92571
read      230.4    83.5    80.4   143.9   160.2   225.2   249.7   263.7   273.2   286.3   302.4   329.4   393.7   625.8  3219.5  12211.6    12106
read      265.3   126.8    74.4   121.8   136.3   247.9   302.8   334.0   358.4   386.5   421.4   472.7   576.5   773.4  3785.0  58706.4    58568
read      261.0   105.9    74.4   122.2   137.1   249.3   300.1   327.7   349.3   373.9   403.9   451.6   540.7   649.7  1331.6  51322.6    51319
read      242.9    88.6    80.4   135.5   152.3   239.5   270.5   287.1   298.3   313.0   332.6   364.3   426.5   524.3  3042.4  21513.8    21556
read      233.0    89.6    80.4   140.9   157.3   228.1   254.1   268.5   278.5   291.2   308.1   336.1   399.2   772.2  3219.5  14211.0    14191
read      255.3    91.7    80.4   132.0   148.8   252.7   289.4   308.1   320.5   339.3   362.0   394.6   465.2   590.6  3112.6  28996.0    29072
read      243.6    77.0    80.4   141.4   159.8   240.2   268.8   284.3   294.8   308.6   325.3   356.6   413.4   567.1  1489.8  16262.6    16350
read      259.9   132.0    74.4   124.9   139.2   235.3   289.6   318.5   341.2   367.8   401.3   463.1   660.2  1086.6  3142.8  86694.0    86891
read      254.5   105.3    74.4   127.8   142.6   236.0   286.4   314.1   334.7   359.1   390.0   435.3   545.4   822.6  1565.8 104264.8   104441
read      227.4    82.4    86.8   146.5   161.5   221.2   244.7   258.1   268.0   279.4   295.5   320.8   383.5   964.7  3182.4   8831.2     8906
read      265.4   113.8    74.4   126.7   142.0   258.1   304.9   330.0   349.5   370.9   397.2   435.5   524.7   675.2  2844.6  42026.0    42175
read      267.3   112.7    74.4   124.2   139.1   255.0   306.8   336.7   358.9   383.9   416.3   464.4   556.7   688.4  2080.6  51852.4    51797
read      280.4   146.6    68.9   123.4   137.9   245.8   307.7   346.5   378.2   420.6   478.6   561.8   746.8  1064.1  2023.3  76514.6    76678
read      253.0    94.8    80.4   140.5   158.7   249.8   281.1   297.2   309.9   323.5   344.8   374.0   436.4   664.8  2812.6  19625.4    19630
read      301.7   284.9    80.4   130.1   146.1   248.9   303.5   336.2   361.4   392.6   436.6   547.7  1517.7  3421.8  7570.6 100072.8   100132
read      267.8    99.9    74.4   132.3   148.8   261.5   306.3   330.9   349.4   370.0   396.1   434.1   515.0   630.2  1823.2  40490.8    40498
read      329.1   370.3    74.4   132.5   149.8   254.9   310.4   344.3   371.3   405.3   463.2   642.6  2126.7  3855.0  7912.0 108616.0   108559
read      261.7    82.9    74.4   143.6   162.1   260.7   293.0   310.4   321.8   338.4   358.3   388.1   453.5   590.5  1730.6  23939.8    23964
read      274.6   141.2    74.4   122.5   136.9   245.9   305.5   342.5   371.4   407.6   457.8   529.8   681.1   947.7  2957.1  70436.2    70760
read      292.8   240.4    74.4   128.1   143.5   244.3   298.7   331.9   357.7   389.1   435.7   561.1  1276.1  2894.4  6409.8  99501.8    99567
read      261.6   110.3    74.4   130.7   146.5   242.8   292.8   320.4   342.1   366.9   397.5   446.2   574.9   953.5  1969.7 107558.0   107548
read      267.2   114.9    74.4   124.0   138.8   253.1   306.1   337.3   360.4   385.8   418.2   467.5   567.1   729.5  2309.3  53772.8    53742
read      310.3   299.8    80.4   131.9   148.6   252.9   307.1   340.2   365.6   397.5   445.7   569.5  1702.7  3411.2  7464.9 103881.8   103931
read      268.2   130.1    74.4   124.1   138.8   250.2   305.1   337.0   361.3   389.4   425.8   484.1   592.5   793.9  1990.0  60341.4    60359
read      235.4    88.2    80.4   149.4   164.5   229.8   254.8   268.7   278.4   290.8   306.9   333.5   395.0  1020.0  3025.0   9730.6     9725
read      267.1   121.6    74.4   124.5   139.3   254.5   306.2   335.8   357.8   383.0   415.6   464.9   551.8   686.6  3113.4  51951.2    52014
read      265.0   101.5    74.4   128.3   143.6   259.6   304.4   329.0   347.9   368.7   394.5   432.0   511.7   631.1  1914.7  40091.8    40053
read      262.2   136.5    74.4   123.1   137.6   233.7   289.3   319.9   344.2   373.5   414.5   493.5   710.8  1069.2  2369.8  86607.0    86436
read      253.9   112.6    74.4   137.4   154.5   251.5   283.5   300.2   312.8   328.1   349.3   378.6   443.6   590.8  6153.5  23856.0    23983
read      269.8   126.0    74.4   122.5   136.8   246.3   304.6   339.3   366.3   399.0   441.4   505.1   629.2   840.4  1716.6  66458.4    66595
read      258.4    97.4    74.4   134.6   151.8   256.6   291.6   310.5   323.6   341.4   362.8   394.3   464.0   600.3  2522.9  26255.8    26056
read      266.4   117.6    74.4   124.0   139.0   254.2   305.2   335.2   357.3   381.6   413.4   461.1   548.8   688.3  3387.0  51630.2    51764
read      264.6   100.0    74.4   128.4   143.6   259.1   304.5   329.2   347.4   367.9   393.8   431.6   511.1   629.9  1448.1  40192.0    40202
read      258.9   121.6    74.4   123.5   137.7   236.7   291.9   321.0   344.3   370.3   403.3   465.1   618.5   917.2  2099.3  76804.0    76665
read      240.5    79.7    86.8   149.6   166.3   235.3   261.6   275.1   286.3   297.7   315.1   343.8   404.8   712.4  3025.3  11184.4    11133
read      275.3   145.9    74.4   123.0   137.7   241.9   301.3   337.6   366.7   403.9   458.8   545.9   758.9  1095.5  2854.1  80260.4    80405
read      250.3   104.4    74.4   123.2   137.5   232.5   286.4   314.6   335.7   359.7   387.7   428.4   524.1   702.8  1583.7  78992.2    79106
read      253.0   104.9    74.4   126.4   140.9   234.1   285.3   313.6   334.6   359.2   389.3   433.4   543.8   826.3  2029.9  97287.6    97258
read      261.6   104.3    74.4   130.2   146.2   257.9   298.0   318.9   335.9   355.2   378.7   416.7   498.3   629.7  2915.2  36300.4    36307
read      259.3    89.6    80.4   133.3   150.1   257.7   294.1   313.6   328.1   345.6   367.9   400.2   469.6   576.2  1338.1  28682.6    28636
read      264.4   102.1    74.4   127.6   142.9   258.3   303.8   328.5   347.5   368.7   395.1   434.0   514.0   630.6  2169.8  41840.2    41620
read      273.2   148.0    74.4   121.4   135.4   241.1   301.7   339.1   369.7   407.8   460.5   536.5   698.5   990.8  3632.3  75864.0    75736
read      265.0   110.8    74.4   126.3   141.1   257.1   305.2   332.1   352.2   373.6   401.0   441.3   527.3   641.7  2062.4  45056.4    44979
read      262.1    97.5    68.9   131.7   148.1   259.3   297.5   317.8   334.6   353.9   375.5   411.1   488.7   611.2  2526.2  31665.8    31478
read      265.8   109.8    74.4   129.5   145.4   260.8   304.1   327.7   345.7   365.4   389.9   427.3   506.0   639.9  3551.5  37645.4    37586
read      278.0   214.9    74.4   131.1   147.3   247.2   298.1   327.8   349.7   375.9   410.4   469.0   719.3  3339.7  6569.3 108557.8   108330
