Timestamp start: 1778612931146
Timestamp end: 1778614731536

#type       avg     std     min      p5     p10     p50     p67     p75     p80     p85     p90     p95     p99    p999   p9999      QPS   target
read      254.4   102.9   109.4   179.0   194.8   249.1   268.1   278.1   286.6   295.1   308.6   328.0   390.4  1181.2  5040.9   6928.4     6927
read      294.4   175.0    86.8   139.2   153.0   277.3   334.0   365.9   389.5   417.8   454.9   511.3   678.4  1219.0  3740.1  52855.8    52892
read      371.5   405.1    86.8   149.2   166.3   284.7   344.6   381.6   411.1   454.3   535.7   892.4  2088.8  4926.2  8053.9  98807.2    98921
read      292.1   154.7    86.8   137.9   151.3   269.9   328.0   360.1   384.0   413.6   454.8   522.7   719.9  1610.7  4518.5  61245.4    61129
read      287.5   118.0    86.8   142.8   157.8   281.1   330.1   356.3   374.5   396.4   424.1   465.3   556.0   848.0  3180.5  40863.6    40613
read      285.4   126.4    86.8   136.2   149.6   271.1   326.7   357.1   378.9   404.3   438.8   491.2   622.3  1202.8  2260.1  53137.4    53226
read      288.5   111.6    93.8   145.7   160.9   283.4   330.9   355.9   373.5   394.8   421.2   461.2   547.2   796.2  2124.5  38616.8    38560
read      314.9   285.7    86.8   144.4   160.3   266.3   320.8   352.3   375.4   404.5   450.0   556.3  1416.9  3437.9  7859.8 103514.8   103465
read      282.5   180.7    80.4   141.2   156.0   256.6   310.4   339.1   360.0   384.7   417.4   470.0   687.4  2643.9  5887.9 104854.0   104758
read      276.5   160.1    86.8   139.7   153.6   253.3   308.6   337.5   358.0   381.4   411.4   461.4   623.3  2134.3  4351.8  94753.0    94759
read      287.0   108.0    93.8   146.2   161.4   283.8   329.3   352.5   368.9   388.4   412.6   452.8   541.5   833.7  2570.0  37795.4    37799
read      260.1    92.0   109.4   178.5   195.6   255.2   275.1   287.4   295.2   306.3   318.7   342.4   402.1  1178.7  2765.6   8265.2     8296
read      295.3   157.5    86.8   135.2   149.2   264.8   328.9   366.4   395.3   431.0   476.9   548.0   766.4  1623.8  2656.7  69410.0    69443
read      265.9    74.8   101.3   173.5   192.8   264.3   287.3   299.4   309.2   319.1   334.2   355.7   404.3   664.0  3558.4  12545.4    12517
read      284.9   134.0    86.8   141.4   155.6   275.8   324.9   351.1   370.0   392.3   420.2   462.0   561.1  1518.0  3600.5  43642.4    43591
read      277.1    95.1   101.3   158.4   177.0   276.6   306.8   322.2   334.6   347.0   365.9   393.0   454.1   886.5  3560.4  20504.4    20430
read      314.6   268.0    80.4   140.1   154.9   261.2   318.5   351.2   375.4   406.4   458.8   625.2  1474.4  3128.7  7040.7  93716.6    93758
read      260.1    89.4   101.3   173.3   191.8   256.3   277.5   289.6   297.2   308.9   320.6   344.0   402.3  1183.0  3173.2  10462.8    10485
read      273.5    91.5   101.3   164.2   184.3   271.4   297.8   312.9   322.8   336.3   352.0   376.6   444.2   983.6  3157.4  16498.8    16518
read      304.3   264.7    86.8   135.3   149.0   255.5   319.1   357.9   389.1   430.7   490.5   591.0   898.5  3660.3  7728.8  83224.6    83230
read      244.4   107.7   109.4   174.3   188.0   237.8   255.2   266.1   273.0   282.8   294.2   316.4   381.1  1176.1  6040.1   5519.2     5484
read      293.9   175.8    86.8   136.5   149.9   273.0   330.8   362.8   386.4   414.8   453.0   510.1   690.3  2130.6  5449.9  55487.8    55611
read      279.1    88.4    93.8   158.5   176.8   279.0   310.5   327.3   339.1   352.9   370.5   397.9   461.6   742.0  3658.4  20799.2    20774
read      312.4   287.4    86.8   141.5   156.6   263.4   319.7   351.6   375.0   404.5   452.0   572.4  1356.9  3740.3  8010.8  96531.8    96726
read      285.5   100.0    93.8   149.6   165.0   283.6   324.1   345.2   361.2   378.6   400.4   434.3   515.4  1025.2  1908.0  32538.2    32442
read      298.5   216.1    86.8   133.9   147.2   260.2   324.6   363.7   394.6   433.5   484.6   562.1   789.3  3030.8  5870.1  73130.0    73039
read      292.4   170.7    86.8   133.1   146.1   257.3   321.7   361.2   392.4   431.0   480.8   555.6   777.8  1834.5  3657.0  74048.0    74055
read      288.4   132.3    80.4   138.4   152.0   275.3   330.4   360.4   382.1   407.4   440.9   493.2   615.2  1117.4  3587.4  51229.8    51197
read      284.2   130.9    86.8   135.0   148.4   266.2   324.3   356.5   380.0   407.9   444.9   500.0   637.7  1157.3  2157.5  59705.6    59442
read      282.1   137.3    93.8   144.9   159.7   278.6   321.4   344.1   360.7   378.9   401.8   436.7   516.4   894.6  3095.8  35695.8    35654
read      278.4   158.9    86.8   137.3   150.5   253.1   311.4   341.6   363.0   387.8   420.8   475.4   702.5  1977.4  4037.7  78540.2    78747
read      284.7   117.2    93.8   141.0   154.9   277.9   326.4   352.4   370.9   393.1   421.1   463.1   562.3  1068.2  2614.1  42234.0    42212
read      283.8   140.5    86.8   135.9   149.4   269.7   323.5   353.4   374.4   400.5   434.4   485.8   603.9  1156.8  4243.8  52484.2    52488
read      281.9   113.6    86.8   141.7   156.4   277.6   321.4   344.9   362.2   381.5   405.1   446.1   539.0   989.5  3179.4  36881.6    36950
read      272.7    81.6   101.3   161.7   182.3   271.2   298.3   313.4   323.6   337.4   354.2   381.6   448.9   760.7  2629.2  16765.2    16762
read      286.9   177.0    86.8   137.2   150.5   255.5   315.3   346.9   370.4   398.6   438.5   514.7   791.8  2150.6  4224.4  79479.4    79473
read      283.7   164.3    80.4   137.7   151.0   264.7   320.8   349.2   369.2   392.9   423.8   475.6   677.7  1987.4  5080.3  61335.0    61431
read      294.0   231.8    86.8   139.3   153.5   257.5   315.0   345.3   367.5   394.4   431.7   505.2   949.9  3380.0  7143.8  87308.2    87172
read      293.7   185.7    86.8   144.9   161.2   267.0   320.2   349.8   371.3   397.7   433.4   498.4   742.3  2814.2  5745.5 108183.2   108181
read      273.5   127.4    86.8   139.2   152.9   256.0   312.5   341.1   361.3   384.3   412.8   458.5   578.1   981.3  3807.3  80762.6    80515
read      286.5   109.7    86.8   145.4   160.5   283.2   328.2   351.2   367.8   387.3   411.3   450.0   544.2   913.1  2016.8  37185.8    37149
read      273.1    84.8    93.8   170.4   193.4   269.8   295.1   309.6   319.0   332.4   347.0   374.2   441.0   752.8  3795.3  13497.2    13444
read      300.1   197.9    80.4   135.3   148.9   264.5   329.4   368.3   398.6   437.0   487.9   565.3   797.4  2334.5  6090.0  71912.6    72057
read      290.8   170.3    86.8   132.8   145.9   260.0   323.5   361.2   390.4   426.4   472.1   540.9   729.3  1910.4  4765.8  70159.2    70041
read      289.8   206.5    86.8   140.6   154.8   257.3   313.7   343.5   365.4   391.0   425.1   487.4   899.9  2892.7  5446.4  90154.8    90162
read      286.8   128.5    93.8   140.9   154.9   275.4   328.4   356.1   375.2   398.7   430.0   480.0   607.7  1213.4  2595.6  52227.6    52082
read      275.8    99.8    93.8   152.0   168.8   275.0   307.5   324.2   337.2   351.7   371.0   400.6   471.4   916.1  3346.8  24226.4    24258
read      301.3   189.1    86.8   135.0   148.6   265.0   330.0   369.3   400.9   441.0   493.3   576.3   802.4  2425.3  4962.1  72063.6    72013
read      289.3   135.2    86.8   135.5   149.2   271.9   329.8   362.6   387.1   416.5   454.4   509.9   649.4  1128.5  2889.7  57803.8    58012
read      282.4   140.8    86.8   137.9   151.1   273.1   322.4   349.0   368.6   391.7   421.0   465.5   577.0  1299.8  2740.9  45521.2    45398
read      283.3   132.4    86.8   136.0   149.7   270.9   322.8   351.6   372.5   398.2   431.1   479.6   593.9  1235.4  3861.8  50261.0    50177
read      283.7   116.2    86.8   144.7   159.9   280.4   321.5   343.6   360.0   378.1   401.5   437.2   530.0  1026.1  2988.2  34447.6    34504
read      285.9   152.7    86.8   132.6   145.5   261.6   321.6   356.1   382.2   414.3   456.1   517.2   692.9  1542.1  4271.3  65869.2    66010
read      295.0   201.7    80.4   132.5   145.4   256.3   320.5   359.7   390.6   430.3   481.7   562.3   805.1  2535.1  5675.3  73863.8    73937
read      282.8   132.5    86.8   134.1   147.4   268.6   322.7   352.7   374.5   401.2   435.1   487.2   614.2  1266.7  3294.4  55037.6    55020
read      282.5   116.5    86.8   135.9   149.3   271.1   324.3   353.3   374.3   400.1   433.0   482.9   589.4   934.4  1584.3  53265.2    53235
read      300.1   247.0    86.8   140.9   155.7   260.0   315.1   345.3   368.1   396.0   435.9   531.4  1041.3  3370.3  7299.2  97530.8    97743
read      238.5   121.5   109.4   170.4   183.9   230.2   248.0   258.0   266.0   273.9   288.0   310.2   372.6  1259.0  7156.3   5361.2     5419
read      261.3    87.9   101.3   159.6   181.5   258.5   283.1   296.3   307.2   318.5   335.5   361.3   426.5   781.1  4829.8  14725.2    14764
read      262.4   140.0   109.4   178.4   195.9   251.8   272.8   285.5   294.0   306.0   320.2   347.1   455.6  1822.8  7041.9   7542.4     7451
read      300.7   161.8    86.8   140.7   154.8   283.6   338.8   370.6   394.8   423.8   461.8   521.8   690.1  1634.1  4531.9  48175.8    48208
read      280.9    91.9   101.3   165.5   188.1   278.1   307.0   321.9   334.3   346.7   366.3   395.7   464.9   826.0  4123.2  16099.8    16149
read      299.2   211.3    80.4   140.1   154.4   263.1   321.0   352.4   375.2   404.1   451.3   558.1   913.5  2965.4  6555.8  78871.2    78989
read      287.0   109.7   101.3   163.3   183.7   284.6   315.2   332.3   343.9   359.4   377.4   406.4   486.8   996.1  4674.8  18845.4    18886
read      316.5   256.0    86.8   142.5   157.3   272.8   333.4   367.8   394.6   431.3   494.1   632.3   966.0  3599.1  7819.1  75730.0    75954
read      291.8   118.8    86.8   144.0   158.6   283.6   332.7   358.5   376.6   399.6   431.1   482.3   607.6  1147.5  2197.9  44339.6    44409
read      280.1   108.6   101.3   164.0   185.7   277.4   305.4   319.9   332.1   344.7   363.7   391.6   459.5   891.1  5063.9  16399.0    16431
read      291.4   214.6    86.8   140.1   154.2   259.9   316.0   344.9   366.6   392.2   426.7   492.7   875.9  2972.5  7123.6  85828.2    85707
read      296.5   155.7    86.8   140.4   154.4   276.0   333.4   364.1   386.8   414.7   454.2   521.6   734.9  1712.9  4253.8  58263.0    58253
read      355.0   367.6    86.8   147.4   164.7   282.0   339.6   373.4   400.2   435.9   495.8   717.2  2061.5  3732.3  7831.1 103870.8   103867
read      289.7   192.3    93.8   157.4   176.8   283.4   315.4   333.4   345.6   362.8   384.2   420.6   525.8  1347.8 10791.8  21372.2    21604
read      304.4   243.4    86.8   143.5   159.0   268.9   323.6   353.8   375.2   401.9   439.6   514.1  1039.8  3476.3  7095.0  90227.4    90401
read      276.9   142.2    86.8   139.8   153.5   256.9   312.8   341.2   361.5   384.7   414.4   463.8   625.4  1494.1  3883.4  84463.4    84467
read      289.7   154.2    86.8   144.6   160.8   268.4   320.7   349.0   369.8   394.7   428.1   485.1   707.3  2013.5  3387.8  99873.8    99700
read      297.0   108.3    93.8   153.8   170.9   293.6   334.8   357.2   372.7   392.3   416.9   457.1   557.6  1022.7  2130.4  31960.0    32052
read      287.8    92.9   101.3   166.7   188.4   284.4   314.3   331.1   342.8   358.0   375.4   406.6   492.8  1189.4  2839.0  18160.2    18173
read      312.2   189.1    86.8   139.7   153.7   274.6   340.4   382.0   415.3   458.2   513.4   603.8   844.4  1986.8  3966.7  67564.2    67789
read      295.2   147.0    86.8   139.6   153.4   277.8   334.0   366.5   391.1   420.7   458.2   513.3   667.0  1340.6  3495.8  51819.4    51929
read      315.2   235.4    86.8   142.0   156.8   267.1   327.6   362.8   390.4   427.9   494.0   669.2  1066.1  2943.2  7288.6  83509.4    83850
read      279.0    87.1   101.3   161.3   180.8   278.5   306.8   321.6   334.1   346.6   366.0   395.0   465.4   770.2  1779.3  18579.0    18614
read      288.3    99.1    93.8   149.4   165.2   287.2   326.4   346.8   362.9   380.6   402.8   439.5   526.3   792.5  2022.1  29363.6    29315
read      332.7   297.7    86.8   152.7   170.7   290.8   346.0   378.0   402.4   434.3   481.0   571.3  1178.1  3822.6  8078.0 108015.6   108090
read      288.4   109.8    93.8   154.6   171.5   286.3   320.9   340.0   353.7   369.8   392.1   428.4   530.6  1061.5  3357.5  27151.8    27024
read      301.7   141.2    86.8   142.7   157.2   285.0   340.0   371.8   396.6   427.1   465.8   527.7   682.3  1156.0  3710.3  49848.0    49907
read      257.1    72.1   101.3   173.1   192.7   252.3   273.3   285.8   294.1   305.7   319.5   344.3   408.7  1126.1  2639.1   9144.4     9150
read      292.5   107.8    93.8   149.6   164.9   287.6   330.7   354.4   371.7   393.3   420.5   462.0   568.8   891.2  1946.0  34427.0    34328
read      304.5   176.1    80.4   142.4   156.9   283.6   341.4   374.3   399.5   430.4   469.1   531.6   707.5  1878.9  6467.9  51895.0    51881
read      285.6   113.4   109.4   172.8   195.3   281.9   309.4   324.0   335.6   347.4   366.1   394.5   466.0  1147.9  4050.2  14567.4    14569
read      307.8   207.9    86.8   142.0   156.5   265.6   326.3   361.2   388.0   423.7   481.6   628.7   964.4  2365.7  5431.7  81449.8    81517
read      276.8   139.4    86.8   140.5   154.3   258.7   314.8   343.1   363.4   386.6   416.1   462.5   589.3  1083.4  5244.1  78635.4    78694
read      284.5   149.2    86.8   143.2   158.3   262.7   317.1   345.9   366.9   391.6   424.1   475.3   669.7  1815.8  4014.7  93327.2    93409
read      290.9   107.7    93.8   148.3   163.2   286.8   331.9   355.6   372.1   392.7   418.7   460.5   567.6   957.2  1968.6  39048.2    39093
read      287.9    88.8   101.3   165.8   186.1   287.1   317.5   334.6   345.9   361.2   378.4   405.9   471.3   743.2  2697.6  18716.2    18729
read      306.6   219.3    80.4   139.6   153.4   266.5   329.2   364.9   392.6   428.7   481.7   579.5   904.1  2940.6  5090.6  70681.2    70818
read      295.9    96.4   101.3   163.5   182.6   294.0   328.7   346.8   361.4   376.7   398.5   432.3   509.5   868.6  2994.4  21919.6    21942
read      345.9   310.9    86.8   145.8   162.3   277.2   337.2   372.4   400.9   440.7   511.8   807.5  1709.7  3087.8  7615.7  91727.0    91810
read      297.1   130.3    93.8   147.6   163.0   289.6   337.4   363.1   381.4   402.8   432.3   476.7   594.0  1079.2  4145.0  39494.6    39588
read      300.5   131.6    93.8   146.9   162.4   290.0   341.1   369.6   390.4   414.8   446.3   495.7   617.7  1179.9  3081.3  41040.2    40957
read      308.6   190.9    86.8   139.8   153.8   275.8   340.2   379.2   409.5   448.0   497.0   573.8   783.6  2227.3  5094.4  62547.0    62645
read      288.4   100.6   101.3   171.0   193.7   286.1   314.7   330.8   342.1   356.8   373.8   401.8   467.7   896.7  3964.9  15538.4    15539
read      373.0   391.4    86.8   156.1   176.0   305.7   365.9   402.5   432.9   472.7   536.9   668.1  2059.8  4790.7  8104.9 107708.4   107672
read      300.3   137.1    86.8   152.1   168.4   294.4   339.2   363.8   381.5   401.8   429.3   469.9   575.4  1020.2  5879.7  32928.4    32954
read      306.2   154.6    86.8   140.6   154.9   280.6   343.2   381.1   409.3   445.2   490.9   560.6   745.4  1466.8  2900.9  58973.2    58866
read      294.9   106.9    93.8   160.9   178.7   292.7   329.6   349.2   364.0   380.5   401.1   433.7   508.7   824.9  3095.5  23707.0    23739
read      304.4   161.9    86.8   140.7   155.1   281.0   342.3   377.9   404.3   436.9   479.5   545.0   737.0  1371.7  4138.6  54766.0    54701
read      302.7   161.7    86.8   139.6   153.2   273.8   337.0   374.1   402.5   438.5   485.8   557.7   774.1  1738.9  2711.0  60780.8    60706
read      291.3   178.0    86.8   140.7   154.6   263.3   322.1   353.4   375.4   401.9   439.7   512.4   785.1  2126.3  5242.3  72407.4    72350
read      307.4   182.9    86.8   140.4   154.3   278.2   339.7   375.6   403.0   437.9   484.2   559.8   818.6  2059.1  4504.3  58783.6    58661
read      298.2   110.8    86.8   150.9   166.6   292.5   339.5   365.2   383.5   404.0   432.7   474.8   577.8   901.3  1961.6  34984.8    34912
read      418.7   506.8    86.8   157.5   178.6   314.6   380.6   425.5   463.0   513.5   591.3   792.4  3350.3  6232.0  8567.9 103221.6   103268
read      296.8   137.9    86.8   148.9   164.1   288.0   334.5   360.2   378.6   400.4   430.1   475.7   601.3  1417.2  3761.2  38692.0    38703
read      289.9   210.2    86.8   139.9   153.9   258.0   314.8   344.9   367.1   393.4   428.2   491.2   868.3  2957.2  6217.4  83462.2    83358
read      299.8   183.1    86.8   141.2   155.4   275.5   333.5   364.6   387.8   416.2   455.6   521.7   763.1  2382.1  5144.7  57312.4    57408
read      299.8   209.9    86.8   141.1   155.5   259.7   317.4   349.2   373.1   402.9   450.2   571.5  1004.2  2609.7  5694.3  86810.8    86837
read      300.7   118.9    93.8   154.1   170.4   296.0   340.5   364.6   381.8   401.8   429.8   470.7   575.9   940.9  3264.2  33505.2    33517
read      310.9   193.7    86.8   139.8   153.7   273.4   340.3   381.3   414.1   455.3   507.4   591.8   817.9  2300.1  4678.6  66019.8    66204
read      315.6   219.6    86.8   140.4   154.7   269.8   335.7   375.9   408.7   454.1   519.1   634.8   940.2  2625.7  5863.1  73772.6    73758
read      282.2   148.5    86.8   142.8   157.8   259.7   313.4   342.2   363.4   388.1   420.5   471.5   664.0  1877.8  3479.3  99685.0    99742
read      314.6   208.8    86.8   150.3   167.7   282.8   338.5   370.1   394.2   424.6   466.5   545.7   874.5  3057.1  5935.8 109475.4   109462
read      294.6   160.8    86.8   146.3   162.2   271.8   325.8   355.7   376.8   402.1   436.0   494.8   723.1  2154.7  3797.8  94341.8    94453
read      298.6   129.0    93.8   147.5   162.4   287.4   338.4   366.1   386.3   409.7   441.8   495.1   644.0  1229.0  2258.9  43985.0    44096
read      329.5   316.5    86.8   148.1   164.3   277.3   333.8   365.9   390.3   421.0   465.2   563.9  1610.4  3725.5  7982.7 100626.8   100467
read      268.2   109.5    93.8   183.1   202.5   263.0   285.1   296.6   306.6   317.0   332.5   356.3   418.3  1158.0  3196.7   8592.8     8576
read      310.1   195.0    86.8   140.5   154.4   278.4   342.4   380.0   408.2   444.9   491.4   564.8   799.6  2467.7  4713.6  59256.2    59359
read      266.9   112.6   109.4   185.1   203.3   261.4   282.5   294.1   303.4   314.6   329.2   351.6   413.5  1131.9  6032.2   7584.4     7614
read      308.6   185.3    86.8   140.2   154.2   277.5   341.1   379.1   408.0   445.1   492.4   566.8   815.5  2028.5  5414.3  60268.8    60329
read      302.8   179.5    93.8   147.0   162.4   288.1   339.6   367.6   388.1   412.3   444.8   498.2   663.0  2139.5  7332.2  43847.6    43762
read      291.6   131.0    86.8   138.9   152.7   267.5   329.0   364.1   390.9   424.4   467.8   536.6   691.3   885.4  1690.0  66962.4    67038
read      289.9   104.4    93.8   157.7   175.6   290.8   326.2   344.4   358.1   372.5   393.2   423.9   488.2   701.5  3048.8  26126.4    26095
read      289.7   144.2    86.8   139.3   152.9   263.6   324.3   357.3   381.7   412.4   456.6   534.0   728.8  1114.7  3543.0  71006.8    71173
read      300.1   201.0    86.8   146.9   163.1   272.4   325.7   355.8   377.4   403.6   441.1   506.8   765.5  3069.5  6444.6 109243.4   109276
read      264.4    78.6    93.8   168.3   188.6   262.4   286.2   298.6   308.7   318.9   335.2   359.9   413.5   805.7  3029.3  13084.8    13150
read      286.0   147.1    86.8   134.1   147.3   265.3   324.1   357.5   382.5   412.5   451.5   507.5   659.9  1280.5  3755.3  61267.8    61250
read      307.8   257.7    86.8   139.2   153.4   261.2   322.2   357.9   385.7   422.7   478.9   599.0   983.3  3918.4  7324.9  84328.8    84472
read      275.6   138.6    86.8   139.7   153.5   255.7   312.2   341.2   361.6   384.6   413.2   458.9   595.8  1519.0  4130.5  82192.6    82226
read      284.6    91.1    93.8   153.8   170.7   284.7   320.5   340.2   354.2   370.1   391.0   422.5   493.2   786.7  1753.8  27676.8    27671
read      306.1   239.9    86.8   144.1   159.8   265.6   320.5   351.2   373.8   401.8   443.1   531.6  1252.2  2957.9  7402.4  98702.4    98736
read      285.7   196.9    86.8   142.2   157.6   259.8   313.1   341.8   363.2   388.8   422.9   480.7   718.7  2471.6  6591.0 106452.0   106314
read      286.4   181.5    86.8   142.3   157.7   260.8   314.3   343.3   364.9   390.3   424.2   481.5   713.7  2512.1  5520.9 105148.8   105027
read      277.2   144.3    86.8   140.8   155.4   256.2   310.1   338.7   359.5   383.7   414.7   464.0   615.0  1794.6  4089.4  97014.4    96867
read      280.6   148.2    86.8   140.9   155.1   258.0   313.7   342.5   363.4   387.7   419.6   470.2   689.5  1695.7  3641.0  89848.4    89493
read      281.5   114.9    86.8   139.2   153.1   271.8   324.6   351.7   370.7   393.4   422.5   465.9   573.7   847.3  2693.5  50756.0    50538
read      277.0    89.7    86.8   156.0   173.8   276.7   308.4   325.0   337.4   351.2   369.6   398.6   463.1   758.6  2198.7  22027.2    22083
read      292.8   124.7    86.8   144.6   159.5   281.7   334.6   363.2   383.7   407.3   439.0   488.0   598.3  1010.7  2908.0  48587.6    48618
read      337.0   293.5    80.4   146.2   162.7   275.3   334.5   369.8   398.3   437.9   512.4   739.3  1470.1  3366.7  7786.5  94339.6    94298
read      300.9   186.1    93.8   143.4   158.0   275.1   333.9   365.8   389.2   418.1   458.2   528.2   765.6  2140.5  6680.3  63455.4    63579
read      301.2   144.3    86.8   142.5   157.1   276.2   337.7   373.0   400.7   435.2   482.2   552.7   720.0  1015.1  3115.0  64808.6    64573
read      284.8   141.1    86.8   141.0   155.1   260.9   319.0   349.0   370.7   396.5   431.3   496.0   731.0  1426.7  2940.3  77035.6    77178
read      295.0   103.8    93.8   158.2   174.7   295.1   333.8   353.7   367.7   384.4   403.9   436.6   510.4   834.7  2999.3  29726.0    29824
read      303.9   151.4    86.8   143.5   158.0   277.3   339.7   375.8   403.6   440.5   488.6   562.1   735.9  1077.1  3352.1  64576.0    64495
read      292.3   187.4    93.8   166.5   185.1   290.8   321.3   338.0   349.0   363.5   380.5   406.1   468.4   748.8  9556.4  21005.6    20917
read      285.3   147.0    86.8   141.9   156.4   260.1   316.2   345.8   367.6   393.3   427.6   490.3   791.9  1497.5  3175.9  85758.4    85651
read      288.5   132.2    86.8   141.2   155.1   270.3   328.3   359.0   380.9   406.8   443.2   503.6   660.4   922.0  2634.8  61966.0    61935
read      296.3   132.2    86.8   145.8   160.6   284.7   339.2   368.7   390.1   415.3   448.1   498.7   605.6   819.3  4176.3  50070.6    50216
read      306.7   178.1    86.8   139.2   153.0   267.7   334.1   374.9   410.0   454.6   511.1   602.2   811.5  1848.4  3765.2  72341.0    72251
read      318.9   219.8    86.8   140.6   154.8   272.1   340.3   384.3   421.2   468.7   533.1   641.0   914.4  2829.0  6292.4  71987.4    71798
read      287.5    96.4   101.3   164.9   184.5   285.9   316.9   334.3   345.8   361.3   379.1   408.2   482.8   802.3  2920.7  19901.4    19701
read      295.0   136.2   101.3   160.6   178.2   291.8   328.3   347.8   362.6   378.5   400.0   434.2   513.2  1098.2  3751.6  24923.0    24952
read      284.2   173.0    86.8   140.5   154.6   258.0   314.8   344.2   365.4   389.9   422.0   475.5   753.4  2448.5  4361.4  81766.0    81838
read      291.1    89.9   101.3   159.9   176.8   291.2   326.9   345.3   359.6   374.3   396.4   429.3   505.3   743.4  1710.9  26546.8    26648
read      292.9   102.7    93.8   159.7   177.3   291.5   327.3   346.2   360.9   376.3   398.1   431.3   508.6   953.8  4090.4  24843.6    24837
read      293.9   111.3    93.8   155.2   171.6   291.1   331.8   353.3   368.8   387.5   410.3   448.1   536.4   843.3  3098.9  29565.4    29420
read      398.1   468.7    86.8   153.6   173.4   303.0   366.5   406.8   442.1   491.9   575.5   835.6  2887.5  6083.1  8087.1 103982.4   103882
read      272.4   114.3    86.8   139.4   152.9   258.1   314.4   342.0   361.2   382.6   408.3   449.4   545.6   839.3  2332.6  70287.8    70314
read      308.6   179.8    86.8   142.2   156.7   278.6   341.2   377.4   404.8   441.1   490.7   569.1   800.9  1781.2  5025.0  61643.4    61679
read      301.8   134.2    93.8   145.2   160.1   286.0   342.0   373.4   397.3   426.4   463.3   520.3   669.1  1231.5  2417.2  49380.8    49557
read      284.2    86.2   101.3   164.9   184.3   283.2   313.6   330.2   341.7   356.2   373.0   401.4   469.0   818.4  2225.7  19410.8    19325
read      262.5    99.8   101.3   177.5   195.5   258.6   279.7   291.9   300.4   311.7   324.7   346.4   401.7  1054.5  4908.1   9163.2     9128
read      392.4   433.1    86.8   149.3   167.1   291.6   354.8   394.8   428.3   475.6   569.9  1058.5  2451.9  4228.8  7952.2  94851.8    94933
read      289.1    94.5    93.8   161.0   178.6   288.2   322.3   340.6   353.8   369.1   389.4   420.3   495.1   954.7  2660.2  24210.4    24327
read      320.6   200.8    86.8   142.4   157.1   274.5   344.1   390.3   429.0   478.9   543.2   650.4   879.5  2135.3  5606.1  71892.4    71896
read      296.4   211.2    93.8   142.3   157.3   262.1   317.0   346.6   369.0   395.4   431.6   501.7  1037.4  2885.1  5704.9  94023.6    93771
read      288.2    99.6    93.8   164.7   184.4   287.0   317.8   334.8   345.8   361.3   379.1   408.6   487.4  1013.5  2827.5  20472.2    20452
read      292.8   114.9    93.8   145.8   160.6   284.5   334.8   362.3   382.1   404.4   434.6   480.9   580.1   828.1  2272.8  42339.0    42338
read      319.9   228.1    86.8   140.2   154.6   272.2   340.3   384.7   421.5   468.5   532.6   640.0   939.1  2875.7  5415.0  72671.0    72627
read      336.5   250.7    86.8   142.7   158.1   274.3   343.0   390.8   433.6   499.3   593.8   738.5  1122.3  2862.4  7352.5  80534.6    80603
read      293.1   129.3    93.8   144.3   159.2   282.0   334.7   362.8   382.7   405.4   437.1   491.3   619.8   986.5  3198.5  49124.6    49049
read      308.4   275.7    86.8   142.2   157.3   263.3   319.8   351.6   375.1   404.3   449.4   551.0  1146.8  3830.2  7396.0  92607.6    92305
read      302.5   156.4    86.8   141.0   155.3   279.9   339.3   372.5   398.1   429.5   469.7   537.6   756.2  1663.2  2855.3  56959.0    56889
read      293.9   161.3    86.8   141.1   155.4   263.6   323.0   356.7   381.4   412.1   457.8   547.1   790.3  1614.8  3186.9  78160.6    78036
read      276.5   138.6    86.8   139.5   153.2   258.3   315.5   343.5   363.3   385.6   413.3   458.7   612.9  1312.1  4101.3  71452.2    71583
read      297.2   236.4    86.8   139.6   154.0   263.8   320.6   350.1   370.8   396.0   431.3   505.1   980.8  3073.0  7899.9  72446.6    72609
read      327.3   259.2    86.8   151.6   169.5   288.9   345.4   378.6   403.8   436.6   485.5   584.2  1006.6  3293.6  7879.4 107569.8   107382
read      278.4   144.3    86.8   139.9   153.8   255.3   311.5   340.8   361.6   385.5   416.5   466.6   690.6  1832.3  2977.6  86444.2    86530
read      283.5   133.2   101.3   169.3   190.5   279.9   307.2   321.1   332.8   344.5   362.6   390.4   466.7  1352.9  4315.9  16500.0    16550
read      319.4   289.0    86.8   141.9   156.8   266.4   326.9   362.3   389.9   426.9   488.8   642.5  1176.3  4134.3  7908.1  84229.4    84534
read      277.3   133.1    86.8   140.1   153.8   258.1   315.6   344.2   364.3   387.1   416.1   463.3   625.6  1324.8  3075.8  72612.4    72631
read      285.5   138.2    86.8   140.1   154.1   274.0   326.9   355.1   374.9   398.7   429.6   475.0   585.5   979.3  3890.9  49191.6    49291
read      293.6   159.0    86.8   137.0   150.3   268.9   330.0   365.1   391.3   423.1   463.9   528.3   715.3  1688.7  3182.9  62113.4    62175
read      295.5   197.4    86.8   140.4   154.5   261.5   320.3   352.7   375.7   404.4   448.6   535.0   850.6  2801.1  5199.2  80241.0    80213
read      276.1    81.3   101.3   166.0   186.9   275.1   302.4   316.9   327.8   340.5   357.2   382.0   440.6   745.0  2638.5  16583.6    16566
read      309.0   177.4    86.8   141.6   156.2   283.1   343.1   377.8   403.8   435.7   479.1   549.5   800.5  2004.6  4149.1  54097.6    53985
read      348.2   328.5    86.8   147.8   164.5   277.3   334.7   369.1   396.6   434.6   503.8   797.5  1780.8  3475.1  7640.6 102078.6   101949
read      284.3    86.3    93.8   157.3   175.1   284.8   318.0   335.9   347.6   364.0   383.4   413.4   488.3   739.6  1884.4  24112.8    24076
read      289.8   140.1    86.8   139.0   152.8   274.1   329.6   360.4   382.8   409.3   444.6   497.8   637.9  1190.3  4545.2  52433.0    52574
read      378.7   421.2    86.8   150.6   168.7   286.5   345.2   381.6   410.8   452.8   528.3   940.4  2324.2  4441.4  8128.9 106268.8   106271
read      299.2   191.5    86.8   148.3   164.6   273.9   327.6   357.4   378.6   404.0   440.2   502.3   729.3  2853.3  7068.4 105312.2   105451
read      273.0   128.9    86.8   139.4   153.1   253.1   309.2   337.9   358.2   381.1   409.9   456.7   583.5  1454.7  3249.1  86163.0    86087
read      300.2   142.4    93.8   161.8   179.4   296.9   333.8   353.4   367.5   384.6   404.5   441.4   547.1  1784.0  6400.8  29259.4    29108
read      303.2   190.9    86.8   148.9   165.4   274.9   327.7   356.8   377.7   402.7   437.2   502.7   961.2  2486.8  5099.3 101253.6   101115
read      271.5   108.0    86.8   140.0   154.2   257.2   313.4   341.0   359.9   380.8   405.5   446.2   535.2   741.6  2327.6  74375.8    74326
read      268.3   109.3    86.8   137.8   151.3   253.3   309.3   337.1   356.2   377.2   403.0   443.6   534.3   793.0  2500.2  76019.6    75832
read      273.1   126.1    86.8   140.8   155.3   255.5   309.4   337.7   357.7   380.3   409.0   455.2   570.2   906.6  3374.5  94881.8    94901
read      273.6   121.5   101.3   166.3   186.6   271.3   296.3   310.3   319.3   332.2   346.2   371.1   431.9  1211.5  5505.5  15818.6    15809
read      284.8   109.2    86.8   153.4   170.3   286.3   322.1   340.6   353.7   368.7   388.6   418.4   479.3   686.3  3157.1  29019.4    28874
read      282.2   107.9    86.8   140.3   154.8   274.9   326.8   353.3   371.6   393.5   421.1   462.3   546.2   721.5  1970.1  51954.6    51882
read      281.1    95.3    86.8   150.4   166.0   284.0   320.8   339.6   352.7   368.1   388.3   418.5   477.8   597.5  2654.5  32541.8    32653
read      284.4   123.0    86.8   145.5   160.8   282.6   328.0   350.7   366.6   384.8   406.1   441.5   510.8   740.3  3839.7  41690.2    41676
read      288.1   126.6    86.8   139.4   153.5   271.2   328.8   359.7   382.2   408.6   445.2   501.1   634.2   996.8  2528.7  63124.4    63019
read      322.1   271.3    86.8   149.4   165.9   279.3   334.0   364.5   387.0   414.3   454.1   538.2  1460.6  3297.0  7650.3  99297.4    99164
read      281.7   117.2    93.8   142.2   157.0   277.2   325.7   349.2   366.3   386.0   410.2   449.1   529.7   794.6  3160.3  47001.4    47055
read      282.1   171.4    86.8   137.7   151.4   265.5   323.2   353.5   374.5   400.2   433.5   485.2   588.3   768.0  5382.3  62421.8    62394
read      290.2   168.1    86.8   144.3   159.8   263.5   316.1   344.5   365.9   391.4   426.0   491.3   858.5  1937.0  3167.9  98446.2    98519
read      280.7   100.4    93.8   151.9   167.4   283.7   319.1   337.4   349.7   364.9   383.4   411.3   470.1   590.5  3357.3  32192.4    32122
read      283.1   115.0    93.8   141.6   156.4   276.8   327.3   352.9   370.6   391.9   418.7   459.8   547.8   757.3  2611.1  49558.2    49464
read      278.0    95.0    93.8   156.4   173.6   280.4   311.7   327.8   339.3   352.6   369.7   396.9   453.3   562.0  2934.5  24203.0    24034
read      297.4   163.5    86.8   139.6   153.7   264.4   327.5   364.7   394.4   432.8   486.0   570.0   768.1  1163.8  4022.6  77200.4    77363
read      286.9   153.4    86.8   142.1   157.3   260.4   315.4   344.8   366.7   392.9   428.2   495.0   821.9  1591.9  3171.8  91581.2    91698
read      283.1   136.8    86.8   146.6   162.0   281.6   325.1   346.3   361.8   378.4   399.9   432.5   502.2   911.9  4384.6  38938.6    38997
read      282.4   142.6    86.8   139.1   153.1   254.9   312.4   342.8   365.3   392.5   430.2   507.9   785.3  1236.8  1879.8  85671.8    86028
read      264.8   122.2    86.8   136.9   150.4   248.0   303.8   332.1   351.3   372.7   399.5   439.4   530.1   728.9  3114.3  82864.8    83012
read      267.4    94.1    93.8   166.7   186.3   266.7   291.3   304.6   314.2   325.2   340.8   364.4   412.7   565.3  3305.6  14864.2    15024
read      279.6   130.9    86.8   138.2   151.9   267.7   323.1   351.1   371.1   394.9   425.2   469.3   566.2   736.7  2916.8  56685.4    56640
read      289.5   170.4    86.8   143.3   158.7   261.9   315.6   344.4   365.6   390.6   424.0   484.1   904.3  2079.6  3185.5  97408.4    97362
read      286.0   155.3    86.8   146.9   162.9   267.2   319.0   347.1   367.8   392.2   424.3   475.5   619.9  1153.1  5742.0 107428.0   107412
read      279.4   130.1    86.8   137.9   151.4   261.8   320.1   349.8   371.1   396.7   430.3   483.5   602.5   817.3  3782.6  65084.6    65030
read      267.7   116.5    86.8   137.3   150.7   250.3   306.9   335.4   354.9   376.5   403.1   448.4   561.9   841.6  1922.5  79576.6    79278
read      277.2   114.1    86.8   141.4   155.7   273.7   321.3   344.4   361.1   379.4   402.2   437.7   510.6   670.2  2923.5  47620.2    47544
read      333.1   333.9    86.8   149.9   166.8   281.9   336.8   367.9   391.7   421.8   465.0   549.7  1771.8  3759.6  7869.5 105409.8   105368
read      278.0   121.6    86.8   138.8   153.0   266.8   321.1   347.9   366.9   388.9   416.7   461.1   559.4   806.9  2989.7  58194.8    58181
read      280.4   118.1    86.8   138.6   152.4   268.0   323.8   351.8   371.7   395.5   426.2   470.3   571.6   807.3  2667.9  57068.2    56960
read      266.0    74.0   101.3   166.1   186.4   266.2   290.3   303.4   312.9   323.1   338.1   360.6   403.8   522.0  1962.7  14914.2    14849
read      283.2   125.1    80.4   137.7   151.4   265.5   324.0   355.3   377.5   403.9   440.0   496.4   618.2   855.2  2899.4  63575.8    63672
read      279.3   118.0    86.8   141.0   155.4   273.7   323.5   347.8   365.8   385.9   410.3   449.2   527.2   686.4  3910.2  48423.4    48289
read      262.2    85.5    93.8   171.1   191.1   260.3   282.8   294.4   303.6   314.1   327.6   348.1   400.3  1057.9  3252.5  11842.4    11797
read      258.4   114.7   109.4   172.8   191.3   255.6   276.1   288.2   295.8   306.8   318.6   340.5   391.0  1041.2  6879.4  10763.4    10781
read      279.1   108.8    86.8   140.8   155.3   273.8   323.5   348.1   366.0   386.2   410.8   450.9   532.1   712.4  2790.5  49121.4    49362
read      365.7   407.1    86.8   149.1   166.0   283.8   342.0   377.5   405.3   445.1   507.5   719.4  2483.9  4286.3  7975.2 102166.2   102119
read      278.3   134.1    86.8   142.5   157.1   275.2   322.6   345.2   361.5   379.2   401.3   435.3   505.8   647.3  4064.0  46151.0    46213
read      285.1   156.9    86.8   143.1   158.2   260.3   313.7   342.3   363.3   387.8   420.6   477.6   784.8  1807.9  3665.5  96981.8    97025
read      273.1    83.8    93.8   163.9   182.4   274.7   301.1   314.7   324.1   336.5   350.5   372.8   425.2   555.4  2674.3  18373.8    18351
read      273.1    75.9    86.8   158.7   176.5   275.5   304.4   319.1   330.3   342.2   358.6   381.9   431.9   532.3  2401.6  21455.4    21426
read      280.6   115.6    86.8   143.3   158.5   277.5   323.8   346.5   363.4   381.9   403.5   437.4   508.2   881.7  3742.7  43174.0    43013
read      283.6   130.9    86.8   137.1   150.8   263.0   323.3   355.9   379.7   408.4   447.7   506.0   636.5   817.6  1966.8  67428.2    67376
read      280.8   101.5    93.8   147.3   162.5   281.7   323.4   343.3   357.9   373.4   395.0   426.6   491.1   622.8  2937.6  35988.8    36043
read      246.0   105.2   101.3   171.4   185.4   239.6   259.4   270.0   277.3   287.3   297.4   318.1   373.9  1333.9  5088.9   6211.2     6255
read      326.6   302.6    86.8   146.5   163.0   273.3   327.9   359.3   382.9   412.7   458.4   570.2  1687.3  3481.5  7675.2 102191.4   102499
read      280.7   101.0    93.8   155.6   172.6   283.7   316.4   333.4   344.6   359.4   375.6   402.4   463.0   593.3  2947.9  26404.6    26263
read      282.4   137.2    86.8   138.9   152.9   269.0   324.3   352.6   372.7   396.8   427.7   472.4   576.6   995.0  4258.0  57132.0    56974
read      281.5    99.5    86.8   145.6   160.6   280.6   325.8   348.0   364.1   382.0   403.1   435.9   504.0   613.8  1962.7  40911.4    40869
read      280.7   106.9    86.8   141.9   156.8   276.2   325.4   349.4   366.6   386.4   410.6   448.8   527.8   673.2  2731.7  46682.2    46514
read      262.5   110.1    93.8   170.6   190.0   260.2   282.5   294.3   303.7   314.4   328.4   349.1   399.6  1071.1  3963.7  11431.4    11431
read      281.8   135.2    86.8   138.6   152.5   267.9   324.4   353.6   373.8   398.4   430.0   476.9   579.2   748.9  4973.2  58460.6    58600
read      280.3   126.9    86.8   135.8   149.6   260.0   319.9   352.0   375.0   403.3   441.7   499.7   624.7   795.9  2881.4  68018.6    68058
read      280.2   119.7    86.8   138.9   152.9   270.2   323.7   350.9   370.3   393.0   421.6   464.0   551.3   741.7  2977.4  54352.4    54502
read      285.9   124.9    86.8   138.7   152.7   268.3   327.4   358.9   381.4   408.1   445.1   501.0   619.9   823.7  2332.1  63984.6    64022
read      287.5   118.9    80.4   141.7   156.6   278.4   332.4   360.3   379.7   401.8   431.2   474.2   572.5   747.4  2684.7  52206.0    52142
read      302.1   200.0    86.8   145.2   161.3   266.6   320.6   351.3   373.5   401.2   441.4   530.0  1071.8  2360.9  4247.1 101381.6   101375
read      285.5   107.4    93.8   147.4   162.5   284.4   329.7   351.9   367.4   385.4   406.5   441.7   517.7   687.6  2963.0  40537.2    40606
read      282.9   138.8    86.8   142.0   157.1   276.7   326.9   352.0   369.5   390.0   415.4   455.6   538.3   693.6  4895.9  47364.2    47485
read      290.0   125.7    86.8   146.2   162.2   282.0   333.8   359.9   377.7   398.6   425.8   466.2   550.2   861.9  4430.2  48878.0    48977
read      289.4    98.5    93.8   152.0   168.5   288.9   332.6   354.6   369.7   387.7   408.5   442.2   509.3   638.2  2110.7  38561.2    38615
read      301.8   162.8    86.8   142.0   157.4   267.9   328.4   363.9   391.4   428.0   483.9   586.1   831.7  1276.9  2734.2  80309.8    80279
read      272.9   114.9    86.8   139.0   153.1   258.5   313.7   341.1   360.4   382.1   408.5   452.6   549.4   801.3  2936.7  75667.2    75843
read      283.7   126.8    86.8   138.1   152.3   264.5   322.8   353.6   375.3   401.8   437.4   498.4   650.4   927.5  2838.7  66947.6    67095
read      281.6   100.8    86.8   144.0   159.7   280.3   325.6   348.1   364.4   382.6   403.9   438.1   509.0   636.8  1894.3  41338.6    41325
read      281.9   119.3    86.8   138.0   152.1   269.7   324.5   353.2   373.3   397.9   429.6   477.7   580.6   783.8  2444.4  55663.2    55752
read      283.7   145.2    86.8   138.5   152.5   255.1   312.7   343.4   366.3   394.1   433.1   511.9   803.2  1344.4  2326.3  85623.0    85561
read      277.1    73.7   101.3   172.4   194.6   277.1   301.7   315.0   324.3   336.7   351.2   374.2   432.4   590.5  1954.5  14182.8    14194
read      298.2   179.6    86.8   141.4   156.4   262.1   319.7   352.6   376.7   407.9   457.8   570.5   936.1  1798.4  4307.5  87722.8    88002
read      273.2   124.4    80.4   140.9   155.4   255.1   310.1   338.7   358.9   381.8   410.1   456.1   567.8   886.7  3391.7  90597.4    90515
read      290.9   120.5    86.8   148.8   165.0   272.6   325.3   354.4   375.0   400.5   434.5   492.8   651.8   988.3  2305.9 109499.2   109283
read      281.9   102.6    86.8   156.4   173.4   284.3   317.2   334.2   345.2   360.0   376.0   402.7   465.8   648.8  3808.9  26711.0    26699
read      282.6   108.1    86.8   148.2   163.3   283.2   325.4   345.6   360.8   376.9   397.8   429.7   496.8   607.7  3815.9  37391.4    37400
read      278.0    75.9   101.3   164.2   182.6   279.9   308.2   322.3   333.4   344.6   361.6   386.0   435.5   542.8  2226.0  19403.4    19307
read      267.2    82.2   101.3   174.5   194.5   265.7   288.1   299.7   309.0   318.3   333.2   355.1   403.5  1067.5  3840.5  11532.6    11527
read      293.6   156.2    86.8   140.2   154.6   260.0   319.9   354.3   379.8   412.8   463.3   566.3   822.0  1371.1  2709.6  83593.8    83787
read      279.4    83.0    93.8   161.3   178.8   282.7   312.1   327.1   337.9   349.7   366.3   390.5   436.2   570.4  2955.8  22336.6    22209
read      278.1   164.3    86.8   138.8   152.7   256.9   314.9   344.5   365.5   389.9   422.0   474.7   648.5  1012.4  5323.6  75155.2    75169
read      266.8   110.4    80.4   137.5   150.8   252.0   308.9   336.9   355.8   376.1   401.6   439.0   524.4   719.8  1993.8  73987.8    73833
read      271.5   113.8    86.8   140.4   154.8   254.0   308.2   336.5   356.6   379.6   408.3   454.9   570.1   856.0  2372.0  94557.0    94641
read      283.1   119.9    86.8   139.4   153.5   267.5   325.4   354.9   375.4   400.6   434.4   488.0   598.7   792.4  2162.1  61386.0    61338
read      277.4   154.7    86.8   140.3   154.9   255.4   310.1   339.0   359.7   383.6   414.5   465.2   650.0  1562.9  3941.6  91758.6    91825
read      268.9   120.8    80.4   138.0   151.6   252.0   308.8   337.2   356.7   378.3   404.1   446.4   541.3   836.2  3138.2  76984.0    77235
read      283.3    99.3    93.8   148.4   163.8   283.8   326.3   346.8   362.0   378.1   399.1   431.3   501.7   638.9  2875.2  37424.4    37257
read      282.6    97.2    86.8   151.6   167.2   285.8   323.5   342.2   355.6   370.2   389.7   417.9   471.4   573.2  3580.4  32074.6    32057
read      357.1   394.5    86.8   153.5   171.9   289.7   345.2   378.3   403.1   435.2   482.4   583.5  2596.6  4146.5  8024.0 108323.2   108618
read      267.6   114.1    86.8   137.9   151.3   252.8   309.4   337.2   356.2   376.8   402.2   440.6   525.1   741.4  2907.2  73085.6    72930
read      281.0   101.8    86.8   144.2   159.4   279.9   326.6   349.0   364.9   382.7   403.3   436.6   506.4   629.5  2393.1  43634.8    43714
read      282.0   135.5    86.8   140.3   154.7   256.3   312.6   342.8   365.1   391.6   427.6   496.0   764.6  1249.1  2187.6  87343.6    87369
read      284.7   132.1    86.8   139.8   154.3   271.2   327.6   356.6   376.9   400.6   432.0   479.9   586.7   827.5  4945.8  56682.6    56640
read      329.5   327.7    86.8   143.7   159.9   268.6   324.1   356.2   380.1   410.9   459.2   591.2  1919.4  3456.9  7802.0  97574.6    97360
read      267.0   120.1    86.8   137.4   150.7   249.9   306.6   334.9   354.2   375.7   402.0   442.9   536.3   815.6  3984.3  79736.2    79788
read      266.5   120.7   101.3   173.6   193.7   263.5   285.8   297.3   307.4   317.5   332.6   355.3   407.2  1093.9  5049.0  11264.0    11352
read      288.5   157.1    86.8   140.1   154.8   258.3   314.9   345.3   368.0   395.6   434.9   523.1   868.0  1489.6  3348.8  87683.0    87962
read      283.5   104.3    86.8   144.0   159.7   281.9   327.1   349.4   365.7   384.2   406.3   442.4   520.5   735.2  2650.4  40814.0    40663
read      284.3   132.7    86.8   136.7   150.8   268.9   325.3   355.9   377.7   403.7   438.5   494.3   614.3   827.3  3534.4  59374.2    59386
read      284.5   110.4    86.8   140.9   156.0   278.3   329.4   355.4   373.1   394.8   422.4   463.8   548.5   735.9  2369.9  48266.8    48302
read      283.2    90.5    93.8   163.8   183.3   284.9   313.4   328.7   339.6   352.4   369.4   395.9   450.5   591.1  3861.8  19391.2    19398
read      283.4   144.5    86.8   139.0   152.9   256.5   314.9   345.9   368.5   395.5   433.2   507.6   769.1  1245.2  2816.6  81888.4    82197
read      267.2   131.1    86.8   136.7   150.5   250.9   308.0   336.4   355.6   376.6   402.6   443.4   535.4   737.2  3829.4  77273.8    77387
read      269.3   119.9    86.8   137.5   151.1   254.1   310.9   338.8   357.9   379.1   404.4   445.1   535.3   777.2  3641.6  73038.2    72753
read      261.3    84.3    93.8   180.0   197.6   257.6   278.7   290.3   297.6   309.6   322.0   344.9   401.1  1086.9  3385.2   7633.2     7720
read      285.4   117.3    86.8   142.7   157.9   279.4   330.4   356.0   373.3   394.6   420.9   459.7   540.2   714.8  2869.0  46465.2    46279
read      286.6   117.8    86.8   144.5   160.0   283.7   332.1   356.2   372.3   392.2   416.7   454.1   531.2   674.5  2113.6  42232.0    42102
read      289.7   188.3    80.4   140.6   155.3   258.4   314.4   344.7   367.4   394.4   431.7   505.6   892.6  1981.7  5378.8  90694.8    90892
read      285.9   143.5    86.8   146.3   161.8   284.0   329.6   352.2   368.0   386.3   407.6   441.9   510.9   685.6  3919.8  40027.8    39976
read      285.9   132.9    86.8   138.8   152.8   268.9   327.5   358.9   381.1   407.4   443.6   497.6   612.8   834.3  2853.3  61093.6    61084
read      276.8   100.3   101.3   166.2   186.1   277.5   304.2   318.0   328.6   340.3   355.8   377.9   430.6   543.8  4281.2  16713.0    16735
read      285.4   109.0    86.8   143.7   158.8   281.0   331.2   356.4   373.4   394.1   419.6   457.8   535.6   685.5  2361.2  45821.2    45909
read      287.0   120.4    93.8   154.1   171.1   288.9   325.4   343.7   357.3   371.7   392.4   423.0   486.0   609.7  3817.7  29050.6    28976
read      273.1   136.8    80.4   138.2   152.0   250.9   307.3   336.8   357.6   381.5   412.4   464.1   649.4  1334.0  3321.6  84616.8    84704
read      279.0   123.9    86.8   143.6   159.1   261.0   314.1   342.4   363.1   387.2   418.3   467.4   598.1   934.9  3213.7 101851.2   101822
read      269.6   129.3    86.8   139.3   153.3   250.9   305.1   333.8   353.7   376.2   404.2   450.4   556.5   973.0  5076.5  92553.0    92571
read      268.5    92.4   101.3   171.9   192.3   266.9   290.1   302.6   311.9   321.2   336.7   359.0   408.7  1120.6  4196.2  12175.6    12106
read      284.3   122.8    86.8   139.0   153.2   269.5   327.0   356.9   378.2   403.4   436.6   488.8   592.4   799.0  2750.5  58600.8    58568
read      284.9   119.3    86.8   141.0   155.7   276.4   330.5   357.6   376.2   398.3   427.0   469.1   556.9   722.4  2795.2  51346.6    51319
read      281.1    92.5    93.8   161.3   178.6   283.7   313.9   329.8   340.8   354.1   370.0   395.7   450.8   579.8  2481.7  21540.0    21556
read      272.2   103.0   101.3   169.9   189.9   271.5   296.0   309.6   318.3   330.2   343.8   367.1   417.5   761.4  4374.2  14142.0    14191
read      284.5   107.8    86.8   154.4   171.0   287.7   323.5   341.3   354.0   368.4   387.2   414.5   469.1   588.0  2659.2  29075.4    29072
read      274.3    77.2    93.8   166.4   185.7   275.7   301.6   315.4   325.3   337.4   351.8   373.8   427.6   528.5  3141.2  16280.0    16350
read      279.2   137.0    86.8   139.5   153.6   253.9   310.4   340.7   363.0   389.0   424.1   489.6   733.8  1219.0  3039.9  86883.2    86891
read      284.3   128.1    86.8   147.0   163.3   267.5   319.2   347.2   367.8   392.0   423.4   471.3   597.1   890.1  3843.8 104576.6   104441
read      269.7    85.6   101.3   187.9   205.6   266.1   287.0   297.5   306.8   316.1   329.9   351.5   406.5  1176.2  3378.5   8868.0     8906
read      289.6   109.8    86.8   149.4   165.4   286.6   333.8   357.6   373.4   392.9   416.7   453.3   529.6   681.4  2770.3  42075.6    42175
read      286.4   115.0    86.8   141.8   157.0   276.6   330.9   358.7   377.8   400.1   429.7   472.6   570.0   778.1  2380.4  51755.2    51797
read      275.7   125.2    86.8   138.8   152.5   254.7   312.9   342.9   364.0   388.5   420.8   472.2   634.5   963.6  3107.6  76564.2    76678
read      281.4    87.9   101.3   164.2   183.3   283.3   312.1   327.0   337.8   349.5   366.3   391.7   447.4   574.5  3886.3  19685.8    19630
read      366.7   419.7    86.8   148.6   165.8   283.4   341.5   375.6   401.8   436.6   493.7   677.2  2620.2  4088.8  7997.6 100006.0   100132
read      282.8   122.3    86.8   145.5   161.0   281.7   326.1   347.8   363.6   381.2   402.6   435.4   506.7   685.7  4842.9  40543.2    40498
read      315.1   250.7    86.8   150.0   167.3   280.9   335.0   366.0   389.3   418.1   458.6   533.9   877.3  3597.8  7683.5 108555.6   108559
read      281.2    83.0    93.8   159.8   176.9   284.6   315.4   331.6   342.4   355.9   371.3   397.8   454.8   551.7  1886.9  23939.4    23964
read      293.2   155.4    86.8   138.3   152.3   266.0   328.0   363.7   391.1   426.1   471.6   544.2   711.3   943.5  4366.3  70577.8    70760
read      274.5   152.6    86.8   140.0   154.5   252.8   306.6   335.2   355.4   378.9   408.8   458.6   592.2  2232.5  3634.1  99730.0    99567
read      287.8   144.2    80.4   147.0   163.4   269.2   321.4   350.0   370.8   395.7   428.7   483.2   638.0  1015.8  4414.2 107426.2   107548
read      282.7   122.2    86.8   139.5   154.0   273.0   327.2   354.7   373.3   396.0   424.8   467.5   557.4   744.8  3235.2  53858.4    53742
read      395.4   490.6    86.8   153.9   173.3   297.4   358.2   395.5   425.5   465.0   526.5   691.7  3273.1  5180.2  8063.2 103886.6   103931
read      279.5   124.1    86.8   138.2   151.9   264.4   321.9   351.4   371.9   396.2   427.8   476.1   584.9   778.9  2372.6  60387.2    60359
read      263.5   112.6   101.3   176.1   195.0   260.7   281.8   293.0   301.4   312.0   324.0   344.9   396.9  1160.8  4892.7   9732.4     9725
read      283.4   115.4    86.8   140.0   154.6   274.4   328.0   355.6   374.5   397.2   425.9   468.3   561.3   741.5  2008.8  51933.4    52014
read      281.9   100.9    86.8   145.4   160.8   280.9   326.7   348.8   364.7   382.5   403.5   436.3   505.6   618.7  1960.0  40111.2    40053
read      290.1   161.4    86.8   139.7   154.0   257.7   316.3   348.6   373.0   402.8   449.8   546.3   834.5  1349.6  3282.6  86440.8    86436
read      280.7    85.9    86.8   158.5   175.9   283.7   315.2   331.5   342.3   356.1   372.2   398.0   452.0   552.7  2566.7  23965.0    23983
read      286.8   137.1    86.8   137.0   150.9   264.2   325.2   359.3   384.2   414.5   455.2   517.1   665.5   959.4  2821.5  66358.2    66595
read      280.7    90.2    93.8   155.4   172.3   283.7   316.4   333.6   344.8   359.4   374.8   401.5   461.8   656.2  2471.8  25978.2    26056
read      281.6   114.5    86.8   140.2   154.6   273.0   325.9   353.0   371.8   394.3   422.9   465.4   549.2   711.4  2922.5  51801.0    51764
read      282.8   108.2    86.8   146.0   161.2   281.8   327.7   349.9   365.7   383.5   403.9   436.5   505.3   622.8  3066.1  40161.4    40202
read      276.4   138.0    80.4   137.0   150.7   253.7   312.3   342.8   364.4   389.7   423.6   482.9   669.7  1036.1  3868.7  76728.8    76665
read      261.0    91.2   101.3   172.4   191.0   259.2   280.6   291.8   299.6   310.4   321.2   343.0   398.3  1123.8  4884.3  11153.0    11133
read      280.3   150.3    80.4   137.7   151.1   253.3   312.7   344.1   367.5   395.4   433.8   505.0   716.6  1118.6  4934.3  80250.6    80405
read      266.7   112.0    80.4   137.2   150.8   249.6   306.4   334.8   354.2   375.5   402.3   443.6   540.1   872.9  2428.9  79204.0    79106
read      276.1   145.5    86.8   142.0   157.0   256.9   310.4   338.9   359.3   382.8   412.9   461.5   589.6  1069.6  4851.7  97141.0    97258
read      282.9    98.3    80.4   149.4   164.8   284.6   325.2   345.0   359.5   374.5   395.6   426.4   489.9   639.9  2640.7  36348.8    36307
read      282.0    89.1    86.8   153.6   169.8   285.2   320.3   338.4   350.8   365.8   384.2   410.7   467.2   575.4  2735.5  28693.2    28636
read      283.8   117.4    86.8   145.0   160.4   281.8   328.3   351.2   367.3   386.1   408.4   443.3   515.4   646.8  4122.3  41689.0    41620
read      298.3   147.1    86.8   140.3   154.6   265.8   330.5   368.4   398.3   437.1   490.5   573.7   753.8  1026.2  2146.8  75802.6    75736
read      280.4   117.1    86.8   142.3   157.0   276.9   325.4   349.3   366.2   385.4   408.0   445.1   519.8   640.1  4140.2  45157.2    44979
read      281.8    97.1    86.8   151.5   167.2   285.0   321.5   340.4   353.6   368.3   387.5   415.5   470.0   579.0  3105.4  31293.2    31478
read      283.3   116.4    86.8   147.8   162.9   283.0   326.0   346.6   361.8   378.0   398.9   430.9   498.4   664.1  3934.9  37625.8    37586
read      319.1   288.9    86.8   149.2   166.1   277.4   331.6   362.2   384.8   412.9   453.0   526.3  1418.1  3712.6  7663.3 108609.6   108330
