Timestamp start: 1778772841496
Timestamp end: 1778774641881

#type       avg     std     min      p5     p10     p50     p67     p75     p80     p85     p90     p95     p99    p999   p9999      QPS   target
read      281.7   110.3   109.4   176.4   193.1   269.6   298.0   314.8   327.4   343.1   367.6   414.7   602.7  1347.0  3453.8   6858.0     6927
read      297.2   128.7    93.8   144.8   159.8   282.0   341.5   372.7   394.7   420.4   453.0   502.9   636.0  1114.9  2511.3  52588.0    52892
read      309.9   279.1    86.8   146.3   161.6   261.4   317.2   348.2   371.6   399.5   438.6   526.2  1461.4  3427.3  7653.9  98777.8    98921
read      295.0   129.8    86.8   143.4   158.3   275.1   337.6   371.0   394.9   422.5   456.9   507.2   646.3  1096.1  2507.7  61055.8    61129
read      294.6   145.3    93.8   153.7   169.6   288.5   337.2   362.2   379.3   399.3   424.7   461.2   540.4   772.8  5953.6  40652.4    40613
read      300.2   130.7    86.8   147.9   163.2   285.2   343.8   374.4   396.4   422.0   454.2   503.5   632.6  1282.8  2577.8  53067.6    53226
read      296.8   129.1    93.8   153.8   169.5   290.3   338.4   363.3   380.8   400.8   426.7   464.5   557.7  1335.6  3877.8  38562.2    38560
read      324.4   290.4    86.8   147.7   163.3   263.3   318.3   351.3   376.9   411.3   469.3   701.5  1473.3  3420.0  7705.8 103317.6   103465
read      285.1   160.8    86.8   148.5   163.6   261.1   313.7   342.8   364.1   388.7   419.9   467.7   633.6  2212.5  4804.0 104798.0   104758
read      274.9   151.2    86.8   142.7   157.1   250.8   306.0   336.1   357.6   382.1   412.7   460.4   600.5  1610.8  4306.4  94936.2    94759
read      298.9   137.7    93.8   156.1   172.4   294.3   341.1   364.9   381.6   400.6   426.2   464.7   561.9   932.1  5718.6  37909.2    37799
read      266.2    77.7   109.4   173.8   190.3   264.0   288.2   300.9   310.8   320.8   337.2   362.7   429.9   675.0  2745.7   8246.8     8296
read      305.3   188.2    86.8   143.0   157.6   274.7   340.4   376.6   403.0   434.9   475.6   543.1   786.1  2013.1  4980.7  69271.6    69443
read      284.5    86.0   109.4   175.0   193.5   282.2   311.3   326.4   338.1   351.5   370.3   399.5   474.5   779.2  3212.6  12490.4    12517
read      292.6   123.5    93.8   148.5   163.5   283.0   335.7   363.1   382.4   403.8   431.6   471.2   572.9  1163.0  3201.0  43564.8    43591
read      290.1    88.0   101.3   167.3   184.9   291.2   323.6   340.8   353.3   368.0   387.4   416.7   485.8   656.4  2604.3  20501.2    20430
read      284.7   191.1    86.8   143.3   157.7   253.0   308.4   338.9   360.8   386.3   419.4   473.2   823.8  2841.0  5501.0  93737.6    93758
read      283.0   111.2   109.4   179.1   197.2   279.2   305.8   319.1   330.3   342.5   360.2   389.0   470.0  1278.4  4196.6  10464.6    10485
read      284.6    91.6   101.3   167.9   186.2   282.7   313.9   330.6   342.2   357.3   374.8   404.5   482.0   883.6  2639.3  16567.2    16518
read      322.8   258.6    86.8   142.8   157.9   272.2   339.8   381.9   414.9   456.5   510.6   613.9  1149.1  3224.7  7746.1  83023.0    83230
read      263.4    84.3   109.4   171.5   188.3   259.0   283.7   296.0   306.2   316.9   333.2   359.9   438.7  1193.4  3139.5   5547.6     5484
read      294.3   137.1    86.8   144.4   159.3   277.6   337.4   369.1   391.9   417.9   450.6   500.6   623.1  1071.5  3718.1  55486.8    55611
read      289.5    91.6   101.3   167.4   184.6   290.3   322.5   339.6   351.7   366.8   386.2   415.3   482.0   801.0  2305.3  20800.2    20774
read      357.5   338.4    86.8   152.4   169.6   283.8   344.5   382.2   412.9   459.0   553.3   812.8  1654.6  4171.1  7815.8  96608.2    96726
read      293.2   125.9    93.8   157.6   174.1   291.8   334.1   355.5   370.2   388.2   409.1   441.6   518.2   866.1  4675.3  32419.4    32442
read      311.0   184.0    86.8   143.5   158.6   275.0   342.4   381.0   409.3   443.6   489.7   570.5   903.0  2082.5  3463.0  73074.2    73039
read      316.6   211.3    86.8   144.5   159.8   276.5   345.9   387.1   417.5   453.3   499.2   579.8   929.9  2458.6  6518.0  74018.4    74055
read      307.6   172.5    86.8   147.3   162.4   284.5   345.9   379.2   401.9   429.1   463.9   525.2   780.5  1893.7  3889.8  51231.8    51197
read      299.6   133.9    93.8   145.7   160.8   280.1   343.0   376.4   400.0   427.6   461.5   512.9   658.4  1188.4  2527.6  59216.0    59442
read      311.4   132.5    93.8   155.8   172.6   300.8   353.8   380.7   399.5   422.5   451.9   502.2   688.5  1392.7  3236.2  35685.8    35654
read      310.8   202.3    93.8   149.0   164.1   273.8   338.1   374.0   400.2   432.0   475.8   557.8   882.0  2295.3  7078.3  78455.2    78747
read      315.7   161.7    93.8   152.6   168.4   293.8   353.2   384.0   405.0   431.5   466.7   536.8   852.7  1808.8  3444.0  42361.2    42212
read      346.7   250.6    93.8   150.1   166.4   298.4   370.4   409.5   438.5   475.7   533.3   672.7  1337.4  2776.6  5289.1  52439.8    52488
read      374.7   277.8    93.8   158.7   176.4   315.9   389.7   432.2   466.0   513.6   592.2   772.3  1520.4  2967.8  6014.1  36944.0    36950
read      340.3   213.0   109.4   170.7   189.2   298.2   346.9   378.5   402.1   434.5   490.6   627.9  1286.1  2414.8  4008.0  16843.6    16762
read      428.3   390.7    93.8   157.9   177.5   318.0   409.8   474.6   533.3   619.6   763.8  1083.0  2059.3  3936.8  7120.7  79308.8    79473
read      464.8   462.1    93.8   158.9   178.8   339.1   444.6   517.9   584.3   680.8   841.4  1204.6  2344.9  4918.1  9726.3  61418.4    61431
read      437.5   380.9    86.8   161.6   182.2   328.3   422.8   491.1   552.2   643.4   788.2  1085.5  2018.7  3875.0  6431.8  87103.8    87172
read      382.7   265.4    93.8   164.6   186.0   317.7   392.2   440.5   481.1   537.6   626.2   803.8  1441.0  2837.5  4683.5 108171.8   108181
read      402.9   359.5    93.8   155.1   173.9   305.1   387.0   443.0   493.1   567.6   693.9   981.6  1945.7  3845.9  5764.4  80552.6    80515
read      374.0   288.7    93.8   158.5   175.7   311.4   383.8   427.0   462.5   511.1   594.3   786.2  1568.6  2905.6  6585.3  37038.8    37149
read      365.4   262.0   101.3   173.4   191.9   302.3   361.5   400.0   433.1   481.9   573.6   758.2  1449.7  2904.5  5040.9  13392.4    13444
read      368.3   287.1    86.8   151.9   169.0   303.3   384.5   433.3   469.9   520.0   598.8   777.9  1465.6  2897.8  7326.1  72022.8    72057
read      318.4   188.4    86.8   147.5   163.0   285.0   353.4   392.5   421.4   456.4   501.6   576.8   828.1  2237.2  3976.6  69778.6    70041
read      326.4   268.9    93.8   149.0   164.7   275.3   338.2   374.2   401.8   437.0   496.2   639.9  1144.4  3628.9  7309.2  90271.8    90162
read      300.1   136.5    86.8   147.0   162.1   282.4   344.1   375.2   397.5   423.3   455.6   506.2   666.4  1242.0  2168.5  52220.2    52082
read      302.3   106.8    93.8   164.7   182.0   298.2   338.7   360.5   375.2   394.8   419.6   460.0   573.7  1106.8  2275.3  24282.8    24258
read      298.7   165.6    93.8   144.9   159.9   269.3   333.4   367.8   392.4   421.6   460.0   525.6   748.8  1871.9  3719.5  71951.2    72013
read      296.7   133.1    86.8   145.8   160.9   278.7   340.8   371.7   394.3   420.6   453.8   504.0   647.6  1133.3  2348.6  57853.6    58012
read      294.1   117.7    86.8   147.7   162.4   283.4   340.1   368.5   388.4   410.7   438.2   481.6   583.2  1079.3  2010.7  45542.2    45398
read      294.4   167.1    93.8   145.0   159.8   278.6   337.0   366.3   387.1   410.8   440.5   487.0   593.9  1561.7  6548.0  49982.2    50177
read      294.5   106.4   101.3   154.9   170.5   291.9   338.7   361.9   377.6   396.7   420.3   455.0   535.5   875.9  2422.3  34529.6    34504
read      301.6   160.5    86.8   143.3   158.2   275.6   339.8   374.0   399.6   429.8   467.6   530.3   736.8  1692.2  3224.2  65871.8    66010
read      307.3   178.3    86.8   143.4   158.5   275.1   342.7   381.1   409.4   443.6   487.3   555.0   774.2  1926.0  5313.8  74095.6    73937
read      293.4   141.1    93.8   143.5   158.2   275.5   336.7   368.2   390.7   416.6   448.9   496.9   615.7  1302.4  3530.1  55178.0    55020
read      290.7   120.6    93.8   144.9   159.4   277.9   336.7   366.0   386.7   410.0   439.1   485.1   587.5   884.0  1956.7  53244.2    53235
read      332.3   285.9    86.8   148.4   164.1   270.9   331.0   366.9   395.7   435.2   508.7   716.8  1404.3  3311.7  7685.0  97849.8    97743
read      266.6    78.1    93.8   173.5   189.0   261.3   288.1   302.6   313.0   324.7   341.2   369.0   458.3   781.7  3025.5   5452.4     5419
read      286.4    94.1   101.3   174.0   192.0   285.4   315.4   331.2   341.7   355.2   371.7   399.1   467.1   757.5  4034.3  14742.6    14764
read      282.3   167.8   109.4   176.5   194.2   272.1   300.2   315.3   326.3   339.9   358.6   391.4   502.0  2257.9  7616.2   7469.4     7451
read      308.5   136.9    93.8   152.8   168.4   294.4   352.3   383.7   405.3   432.1   464.8   514.8   645.2  1180.5  2492.6  47850.2    48208
read      306.4   101.8   109.4   176.8   195.8   302.9   339.3   359.2   372.8   391.0   413.4   450.7   543.4   790.8  2179.6  16247.8    16149
read      303.4   223.2    93.8   146.4   161.0   265.2   326.8   359.0   381.4   407.4   444.3   518.8  1020.5  2983.8  7295.9  78918.2    78989
read      304.9   106.9   109.4   174.6   192.5   302.6   338.4   357.3   370.4   387.6   408.4   443.9   538.7  1007.2  3452.1  18895.6    18886
read      308.1   205.2    86.8   147.0   162.0   270.4   334.1   368.5   393.8   425.0   469.4   565.5   899.5  2677.1  6803.3  76200.0    75954
read      306.3   122.3    93.8   153.5   169.2   294.3   351.7   381.8   402.8   428.1   459.5   505.5   619.3  1067.1  2077.7  44495.0    44409
read      302.1   140.3   109.4   177.4   195.8   298.1   331.5   348.5   361.9   375.5   396.9   429.4   518.9  1292.3  7140.1  16514.8    16431
read      322.8   248.4    86.8   148.9   164.1   273.2   336.2   371.8   398.8   433.6   490.4   635.7  1178.1  2955.7  7286.9  85651.0    85707
read      305.9   146.3    86.8   148.0   163.1   284.7   346.7   379.3   402.3   431.3   468.8   532.5   704.9  1570.0  2932.9  58158.8    58253
read      338.4   343.5    93.8   152.6   169.2   280.0   338.5   370.7   394.7   424.2   465.8   560.7  1863.3  3939.3  7886.4 103535.0   103867
read      306.4   113.7   101.3   172.7   190.7   304.4   342.7   363.2   376.9   394.3   416.1   451.0   538.1   850.9  3394.6  21487.0    21604
read      347.3   310.4    93.8   152.3   168.8   282.8   344.8   380.9   407.9   445.8   508.5   725.8  1666.9  3617.6  7681.6  90297.0    90401
read      284.3   140.0    93.8   146.3   160.9   259.9   319.6   351.7   373.4   398.5   429.7   478.3   629.2  1406.3  3748.9  84452.4    84467
read      304.7   174.1    93.8   152.0   168.3   273.8   332.1   365.0   389.0   417.6   455.8   523.5   820.7  2192.9  4932.4  99526.8    99700
read      311.5   125.6    93.8   162.9   180.0   307.6   355.4   378.9   395.8   415.9   441.0   481.1   581.1   891.3  3768.1  32120.2    32052
read      307.0    95.5   109.4   176.9   195.5   305.2   341.6   361.0   373.6   390.5   410.2   444.2   529.1   815.7  2650.7  18210.6    18173
read      328.1   231.1    93.8   148.7   163.9   287.3   355.7   396.4   427.8   465.8   516.5   601.6   924.2  2951.4  6987.2  67541.2    67789
read      311.1   164.4    93.8   149.0   163.9   292.0   353.0   385.9   409.8   438.2   475.4   534.7   703.8  1492.7  5335.4  51988.8    51929
read      322.2   241.7    93.8   148.6   163.7   273.4   337.7   372.5   398.8   432.0   484.2   616.5  1240.1  2813.3  7263.4  83507.4    83850
read      311.1   106.7   101.3   177.5   196.7   308.7   346.1   365.5   378.8   396.1   418.7   455.0   543.8   850.1  3207.6  18616.0    18614
read      314.3   132.3   101.3   164.9   181.9   309.4   357.0   381.3   398.6   419.5   445.2   486.2   582.2  1065.3  4474.9  29353.8    29315
read      430.4   493.0    86.8   168.7   190.8   324.5   389.7   430.0   463.2   508.0   587.9   964.3  3154.7  5350.1  8100.7 108135.6   108090
read      307.8   102.2   101.3   167.8   185.1   306.0   348.8   369.9   385.5   402.6   427.2   463.5   549.1   847.3  2514.8  27074.4    27024
read      313.0   148.7    93.8   151.2   166.6   295.1   356.4   389.1   413.0   441.7   478.1   534.9   684.8  1551.6  3223.3  49850.6    49907
read      289.5   174.5   101.3   185.4   203.7   283.4   310.6   325.2   336.7   348.9   366.7   394.4   470.3  1321.7  7660.3   9176.8     9150
read      310.6   131.7    93.8   157.4   174.0   303.2   355.6   382.3   401.1   424.1   452.7   496.5   606.4  1076.3  2712.0  34360.8    34328
read      313.3   163.5    93.8   148.8   163.9   292.3   356.3   390.3   414.9   444.0   481.5   540.3   715.3  1676.6  5255.6  51830.2    51881
read      302.4   102.7   109.4   179.9   199.4   299.9   333.8   351.3   364.1   378.0   397.4   428.7   505.5   927.7  4104.5  14586.6    14569
read      317.0   246.9    86.8   147.6   162.7   271.7   335.5   369.9   395.5   427.6   473.7   590.8  1132.6  3044.5  7331.9  81431.4    81517
read      283.6   127.7    93.8   145.4   159.8   261.2   322.7   354.6   375.3   398.9   429.0   474.6   603.1  1273.1  2596.7  78783.4    78694
read      295.9   162.6    93.8   149.7   164.8   268.0   327.2   360.0   383.1   409.7   445.0   502.2   716.3  2015.8  4686.0  93229.2    93409
read      312.3   126.4   101.3   158.2   174.4   304.0   358.2   384.9   403.2   427.0   457.1   503.3   634.0  1040.1  3051.5  39057.2    39093
read      305.3    93.3   109.4   176.3   194.5   304.8   340.7   359.4   371.8   388.3   407.2   440.2   526.3   853.5  2121.3  18888.6    18729
read      327.3   202.1    93.8   148.1   163.3   286.1   355.0   397.6   431.8   473.9   531.6   629.3   927.2  2325.7  4359.9  70888.4    70818
read      312.4   106.2   101.3   174.0   192.3   311.4   351.8   371.6   386.6   402.5   425.7   461.0   540.2   775.0  4072.0  21990.2    21942
read      364.6   375.5    93.8   154.2   171.5   291.2   353.4   388.7   415.3   450.0   503.8   691.0  2228.7  3988.5  7974.3  91796.4    91810
read      313.9   137.6   101.3   156.7   172.9   303.0   358.8   387.5   407.7   432.0   462.8   509.1   636.5  1342.1  4146.8  39690.6    39588
read      319.7   135.1    93.8   155.7   172.1   304.4   365.8   398.2   421.6   448.9   483.7   537.1   691.0  1189.2  2520.9  40944.6    40957
read      315.3   172.0    86.8   147.6   162.7   286.7   354.4   392.6   421.1   455.1   497.7   564.1   764.7  1779.0  4630.1  62736.4    62645
read      305.3    89.4   118.1   180.7   200.5   304.2   338.1   355.9   368.1   383.3   401.7   433.8   506.8   768.0  2422.3  15509.6    15539
read      332.2   284.3    86.8   155.9   173.7   287.7   345.7   378.5   402.7   433.2   477.3   569.3  1309.1  3723.4  7590.4 107556.2   107672
read      307.3   125.3   101.3   161.3   177.7   304.3   351.5   373.9   390.8   409.4   434.1   471.3   562.2  1019.3  5232.3  32969.6    32954
read      315.7   191.2    93.8   147.6   162.8   288.0   353.5   389.4   415.9   448.0   489.4   551.2   763.5  2476.3  6937.1  58791.2    58866
read      306.7   104.1   101.3   170.0   187.6   305.2   345.1   365.6   379.8   396.7   419.0   454.2   539.8   986.5  2449.7  23666.2    23739
read      316.3   180.3    93.8   149.6   165.0   292.5   356.2   390.7   416.4   447.2   486.6   547.4   735.9  2032.4  5894.0  54796.6    54701
read      317.6   164.5    93.8   149.6   164.8   290.6   357.1   394.6   422.9   456.5   499.4   567.2   751.1  1859.4  4042.7  60767.6    60706
read      334.0   209.3    93.8   150.0   165.6   290.6   361.6   404.7   440.9   485.6   545.1   653.0   935.4  2469.8  4689.1  72389.8    72350
read      306.6   157.7    86.8   148.2   163.1   283.7   346.1   377.3   399.9   428.2   465.3   529.9   759.8  1730.0  3971.3  58641.6    58661
read      305.1   128.4   101.3   157.9   173.8   300.1   349.7   374.1   392.5   413.1   438.5   480.2   570.5  1042.3  2737.9  34970.0    34912
read      350.4   387.7    93.8   151.3   167.9   278.9   337.9   371.2   396.4   428.0   472.7   587.7  2343.4  4173.9  7967.1 103057.0   103268
read      308.6   164.5   101.3   154.7   170.6   298.3   352.6   379.7   398.8   421.9   450.9   495.5   601.2  1555.5  7169.8  38503.2    38703
read      337.5   288.7    93.8   149.5   165.0   277.7   342.7   380.0   408.1   446.1   507.2   684.8  1476.4  3391.3  7586.8  83464.4    83358
read      311.3   172.4    86.8   149.9   165.0   287.5   351.0   383.5   406.4   434.8   472.4   536.2   723.8  2395.4  4041.1  57438.8    57408
read      303.4   211.2    93.8   143.8   158.6   260.4   321.9   356.2   380.2   409.1   451.3   546.2  1135.8  2369.7  5050.9  86584.4    86837
read      310.5   148.4   101.3   160.4   176.2   301.7   352.2   377.3   395.6   417.1   443.7   486.8   592.8  1840.1  5216.5  33573.8    33517
read      319.0   196.6    93.8   147.4   162.5   285.6   353.9   392.3   421.5   456.8   501.8   575.3   807.5  2521.6  5976.3  66196.6    66204
read      319.7   237.2    93.8   146.0   161.2   277.4   344.3   381.3   409.2   446.1   499.6   598.6   960.4  2995.9  7797.6  73795.8    73758
read      278.5   149.7    86.8   145.0   159.7   252.9   308.8   339.6   361.4   386.2   417.3   464.7   612.3  1931.2  3773.9  99459.6    99742
read      306.5   194.0    93.8   153.4   170.1   275.1   331.8   363.8   387.2   415.3   453.5   519.9   795.7  2799.6  6001.3 109372.6   109462
read      288.7   161.3    86.8   147.6   162.5   261.3   319.3   350.9   372.7   398.4   431.4   485.4   695.9  2137.9  4124.7  94411.6    94453
read      305.0   138.1    93.8   154.1   169.8   295.0   351.0   378.8   398.5   422.5   452.6   497.7   603.4   933.2  2576.7  43894.0    44096
read      302.5   230.7    86.8   148.6   163.5   264.0   320.3   351.7   373.8   400.1   434.8   500.4  1183.8  2980.5  7151.4 100682.6   100467
read      280.4    83.2   101.3   182.6   200.6   277.3   302.8   316.5   326.9   339.5   356.0   381.9   452.7   875.8  2927.7   8587.0     8576
read      308.8   146.7    86.8   148.1   163.0   286.0   350.7   385.7   411.4   442.5   482.0   542.5   705.8  1340.9  3324.2  59324.6    59359
read      276.9    86.5   109.4   182.3   199.5   272.7   298.2   312.2   321.0   334.7   349.9   374.7   446.7   800.3  3785.1   7600.8     7614
read      318.4   176.3    93.8   149.5   164.6   291.0   356.6   392.2   419.1   452.0   494.9   563.5   798.5  2012.4  3962.2  60176.4    60329
read      319.2   169.0    93.8   156.8   173.2   302.1   361.3   392.5   415.5   442.9   476.9   531.6   678.0  1908.8  6402.0  43729.4    43762
read      331.9   239.6    93.8   151.4   167.7   293.9   359.8   396.5   424.8   459.9   507.2   593.2   974.1  3231.5  7746.7  67057.6    67038
read      311.0   128.0   101.3   171.7   190.5   310.3   350.3   370.0   384.5   400.2   422.6   456.8   537.7  1024.7  4871.8  26062.2    26095
read      300.6   138.6    86.8   145.7   161.1   276.5   342.1   376.4   401.7   432.7   472.4   535.4   677.8   963.6  3520.2  71042.4    71173
read      352.0   373.1    86.8   154.7   172.5   283.5   339.2   371.2   395.7   427.0   472.7   609.8  2252.6  4052.5  7953.2 109084.2   109276
read      289.1    82.3   101.3   176.9   195.3   285.7   316.3   333.4   344.9   360.4   378.2   409.2   490.8   779.5  2511.1  13151.6    13150
read      298.2   142.0    86.8   142.8   157.3   276.5   341.6   374.8   399.2   427.8   463.1   516.8   667.8  1372.1  3221.1  61017.6    61250
read      307.3   203.8    86.8   144.7   159.7   266.1   330.6   366.8   393.7   427.2   476.1   578.3   977.2  2179.8  4872.4  84375.2    84472
read      273.8   135.2    93.8   141.7   155.4   249.7   309.8   341.2   362.3   385.8   414.8   458.8   576.3  1450.1  3986.8  82122.0    82226
read      293.7   109.9    93.8   159.5   175.5   291.7   334.0   355.1   369.1   386.4   406.6   440.2   523.5   851.3  3726.8  27547.0    27671
read      292.2   230.9    86.8   144.1   158.9   254.4   311.4   342.5   364.9   390.9   425.3   486.6   959.9  3222.4  6998.6  98675.6    98736
read      289.5   177.9    86.8   147.6   163.0   261.8   316.6   347.0   369.2   394.8   427.5   480.0   687.3  2832.2  4354.0 106257.0   106314
read      286.2   161.2    93.8   147.8   163.0   260.7   315.2   345.3   367.0   391.9   423.9   473.2   662.7  2013.4  4943.3 104933.0   105027
read      274.7   136.2    86.8   142.6   156.8   249.6   306.2   337.1   358.5   382.5   412.1   458.2   619.1  1600.0  3445.2  97046.2    96867
read      274.8   135.3    86.8   142.2   156.2   250.1   308.7   339.7   361.1   385.1   414.8   460.6   592.8  1465.6  3984.5  89465.0    89493
read      288.8   112.6    86.8   145.1   159.5   276.3   336.3   364.6   384.0   405.6   433.9   477.3   574.9   843.5  1894.3  50455.0    50538
read      298.4   113.9   101.3   167.8   185.3   298.0   334.8   353.8   367.1   383.0   402.4   435.0   508.3   774.9  3671.9  22108.8    22083
read      299.7   123.5    93.8   147.8   163.2   288.1   347.1   375.9   396.8   421.4   452.0   497.5   593.7  1104.3  2327.5  48573.8    48618
read      335.1   310.3    93.8   148.5   164.4   275.4   336.7   371.3   397.5   431.9   488.5   645.5  1650.2  3521.3  7822.0  94400.0    94298
read      306.3   211.0    86.8   147.9   162.7   277.7   341.3   373.1   396.2   424.0   460.7   524.8   743.5  2917.7  7548.7  63380.6    63579
read      305.3   154.1    93.8   146.5   161.9   281.8   345.1   379.0   403.8   434.6   474.6   540.6   715.0  1342.1  4292.5  64438.2    64573
read      292.9   141.2    93.8   147.5   162.0   267.1   328.0   359.2   380.9   405.7   441.1   505.5   748.4  1381.6  2544.7  77329.8    77178
read      307.3   110.4    93.8   164.7   182.0   307.3   351.2   372.6   388.5   405.1   428.4   462.8   538.5   783.1  2479.8  29810.8    29824
read      307.9   137.8    93.8   148.0   163.4   285.9   350.8   386.2   411.7   442.5   481.8   544.5   703.5   963.7  2789.8  64285.0    64495
read      300.4    92.3   101.3   171.2   189.6   302.0   337.0   355.1   367.8   383.1   401.5   432.1   498.0   668.4  2080.5  20926.6    20917
read      296.6   189.2    86.8   147.3   162.1   264.3   323.1   354.7   376.6   402.2   436.1   501.9   931.6  2126.0  4062.0  85651.8    85651
read      297.3   150.2    93.8   147.1   162.0   276.1   337.9   369.0   391.3   417.7   452.7   507.7   673.8  1298.6  4442.7  61937.8    61935
read      304.9   125.1    93.8   151.6   167.2   292.4   352.1   382.6   403.4   428.5   459.7   505.3   612.0   852.2  2768.6  50147.0    50216
read      321.6   181.2    93.8   148.7   164.3   286.0   352.9   392.1   421.9   459.1   509.3   603.3   896.9  1931.4  3857.9  72172.2    72251
read      287.8   147.7    93.8   145.5   160.0   265.1   326.4   358.0   379.3   403.3   435.0   487.6   655.4  1200.0  3642.2  71830.6    71798
read      309.9   149.5   101.3   173.0   191.7   305.5   343.2   363.4   377.0   394.9   418.0   456.1   567.1  1215.3  7577.3  19727.8    19701
read      313.1   128.0    93.8   169.8   187.5   310.1   353.0   375.1   391.7   410.0   433.7   469.4   566.2   858.6  3196.4  24895.2    24952
read      302.5   232.2    86.8   146.8   161.9   266.9   328.4   361.8   385.5   413.9   451.9   520.7   825.7  3217.0  6977.8  82022.6    81838
read      310.0   115.0    86.8   166.2   183.7   303.8   348.2   371.3   388.8   408.1   434.2   474.7   594.5  1171.5  2501.6  26726.0    26648
read      306.7   120.0   101.3   164.4   181.9   300.9   345.2   368.5   385.3   403.7   429.9   469.2   571.5   985.5  3758.7  24729.4    24837
read      322.9   143.9   101.3   162.5   180.0   308.0   362.6   391.7   412.1   435.8   468.4   526.0   713.8  1655.3  3576.5  29401.2    29420
read      421.8   424.6    86.8   163.4   184.5   315.6   385.4   431.9   471.8   537.7   681.2  1122.2  2331.5  3982.7  8246.9 104042.0   103882
read      294.0   142.7    93.8   148.4   163.1   269.4   331.6   364.1   386.8   412.7   446.5   502.1   676.7  1409.4  3482.4  70450.8    70314
read      314.8   173.5    93.8   148.5   163.9   286.4   352.5   388.6   414.9   446.8   489.5   561.9   794.0  1718.6  4880.2  61789.6    61679
read      316.4   175.6    93.8   151.8   167.5   294.2   358.3   391.7   415.6   444.0   480.4   540.3   733.1  1811.6  6249.8  49532.0    49557
read      293.8   101.7   109.4   171.7   189.2   291.2   326.0   343.8   357.6   372.4   394.1   426.9   504.2   729.4  3907.3  19268.2    19325
read      279.2    85.4   118.1   179.3   196.4   272.9   301.6   317.1   328.8   341.9   361.2   393.4   479.8   891.3  2715.1   9091.0     9128
read      309.2   239.9    93.8   149.8   165.3   269.7   327.5   360.0   383.4   411.4   450.3   520.7  1105.5  3054.9  7729.5  94918.6    94933
read      304.1   104.5   101.3   169.7   187.5   303.0   341.1   361.1   374.2   392.4   414.4   449.2   530.8   930.1  3054.9  24442.8    24327
read      310.7   194.5    86.8   144.5   159.5   275.3   342.8   382.3   411.7   448.4   495.8   574.1   802.9  1976.2  7390.2  72187.2    71896
read      309.9   260.5    93.8   148.2   163.6   266.1   325.0   358.8   383.5   413.2   455.8   547.4  1089.9  3068.7  9233.1  93704.2    93771
read      300.0   102.5   109.4   173.2   190.9   299.8   334.4   352.3   365.6   381.0   401.0   432.9   508.3   796.5  2515.1  20533.6    20452
read      301.7   116.0    93.8   152.9   168.6   293.0   347.7   375.4   395.6   418.7   447.1   491.1   588.5   921.1  1607.2  42273.8    42338
read      293.4   176.9    93.8   145.4   159.8   264.0   325.5   357.2   379.2   404.2   437.4   496.8   751.0  2445.5  4253.3  72613.2    72627
read      274.3   116.9    86.8   142.9   156.9   252.1   311.3   342.1   363.3   387.1   416.5   461.3   583.7   969.3  2007.1  80686.6    80603
read      299.6   132.8    93.8   150.8   165.9   286.8   343.2   371.4   391.7   415.0   444.7   493.4   621.8  1212.3  3510.7  49140.8    49049
read      305.2   212.9    86.8   147.4   162.6   264.5   323.0   356.7   381.1   411.1   455.6   555.5  1008.5  2590.7  6418.5  92314.4    92305
read      301.7   144.9    93.8   146.7   161.7   282.7   344.0   376.0   399.3   426.9   462.2   518.0   669.8  1228.9  4052.9  56867.4    56889
read      301.9   212.9    86.8   144.1   158.8   265.4   328.4   362.2   387.3   418.3   461.9   546.8   829.7  2793.5  7222.2  78131.8    78036
read      284.9   118.5    93.8   146.6   161.2   264.2   325.1   356.1   377.2   401.2   431.4   477.9   604.3  1011.5  1951.1  71678.0    71583
read      279.8   118.7    93.8   145.2   159.5   259.9   320.7   351.1   371.3   394.7   423.5   465.9   577.5   895.6  1944.8  72638.6    72609
read      308.5   203.8    86.8   155.3   172.6   278.9   334.1   365.0   387.8   414.8   451.1   512.6   759.8  3050.8  7060.6 107486.8   107382
read      284.0   153.0    93.8   146.5   161.2   259.6   317.5   348.8   370.8   395.8   427.1   472.8   605.1  1806.1  5621.3  86607.4    86530
read      303.5    94.9   109.4   178.0   197.4   301.3   335.7   353.6   366.6   382.1   401.9   435.0   524.3   896.4  2858.5  16423.2    16550
read      304.7   194.0    93.8   147.5   162.5   266.7   327.9   361.8   386.3   415.7   457.3   544.8   989.0  2417.8  4031.5  84260.0    84534
read      294.0   158.9    93.8   145.7   160.8   266.8   329.3   362.1   385.0   410.9   444.7   501.7   719.0  1941.1  4899.9  72442.6    72631
read      320.9   207.5    93.8   153.1   169.6   297.7   358.7   390.2   412.4   438.0   472.4   536.0   790.6  2826.9  7738.0  49285.6    49291
read      357.4   266.4    86.8   156.1   174.3   310.8   385.8   427.8   459.4   498.7   554.3   675.0  1170.7  2842.2  8422.1  62270.6    62175
read      351.0   225.8    93.8   155.7   173.8   297.4   371.0   416.1   451.6   497.9   571.4   718.7  1194.5  2213.6  4649.6  80262.8    80213
read      318.2   144.1   101.3   171.9   191.1   302.8   345.9   370.4   389.1   411.1   443.0   501.4   725.4  1686.6  3472.9  16551.2    16566
read      345.6   207.7    93.8   152.3   169.5   306.6   381.1   422.6   452.5   488.6   539.6   640.7  1089.5  2280.3  4626.5  53939.6    53985
read      462.9   483.3    93.8   169.0   192.0   336.8   415.5   469.8   522.6   609.6   790.1  1245.6  2656.0  5065.2  8165.1 101851.6   101949
read      306.8   116.0   101.3   168.0   186.2   305.6   344.9   365.6   379.9   397.3   420.1   456.0   545.1   925.3  3181.1  24133.6    24076
read      303.6   143.4    93.8   147.5   162.8   286.8   348.1   380.3   402.2   428.6   461.6   509.8   644.2  1434.9  3279.4  52538.6    52574
read      341.1   352.3    86.8   153.0   170.0   278.7   334.7   366.5   390.2   419.6   462.1   563.4  1851.9  4019.2  7956.3 106233.6   106271
read      297.3   171.5    86.8   152.6   169.0   270.8   324.8   355.3   377.1   402.6   436.0   493.1   719.7  2337.1  5747.7 105420.0   105451
read      280.5   130.1    86.8   144.8   159.2   256.9   315.0   346.0   368.1   393.3   424.7   471.3   619.1  1346.8  3277.1  86179.2    86087
read      304.9   129.0   101.3   163.8   180.7   301.7   343.9   366.1   381.7   399.4   423.3   459.3   546.3  1686.2  4027.4  29171.4    29108
read      335.7   297.6    86.8   152.6   169.5   277.7   334.3   367.1   392.0   423.5   470.2   631.4  1627.4  3469.1  7729.4 101242.2   101115
read      277.6   119.3    86.8   143.7   157.9   257.5   317.0   347.0   367.9   390.9   419.0   461.6   571.9  1097.6  2893.2  74082.8    74326
read      278.2   123.3    93.8   144.0   158.3   257.4   317.3   348.0   369.1   392.7   421.9   465.2   575.8   877.0  4199.0  75741.6    75832
read      275.7   124.6    93.8   144.8   159.5   253.7   308.6   338.2   359.4   383.7   413.7   459.9   588.2  1262.9  3264.4  94754.8    94901
read      290.5    86.3   101.3   172.4   190.6   289.8   321.4   338.3   349.7   365.2   384.6   415.2   484.4   654.0  2792.0  15810.8    15809
read      299.7   131.0    93.8   159.5   176.3   298.7   339.8   360.9   374.6   392.9   414.9   449.3   534.6  1068.6  5943.8  28873.0    28874
read      301.0   120.2    93.8   147.7   163.7   290.2   347.7   377.8   398.8   423.4   454.2   500.7   607.7   837.9  2070.1  51957.4    51882
read      303.1   135.3    93.8   156.5   173.7   302.0   346.8   369.1   385.3   402.9   427.4   463.4   547.3   923.8  5086.6  32669.8    32653
read      304.9   120.6    93.8   153.0   169.6   299.2   353.4   380.0   398.3   419.7   445.6   486.5   586.7   878.4  2701.0  41558.2    41676
read      300.1   136.6    93.8   146.8   162.3   282.0   344.4   377.1   399.9   427.0   461.2   512.4   638.1   876.5  3651.0  63115.4    63019
read      327.5   290.0    86.8   152.5   168.9   276.2   332.2   364.0   387.4   415.9   457.3   550.3  1723.2  3345.2  7686.9  99010.8    99164
read      298.6   133.9    86.8   150.1   165.8   290.0   345.4   372.3   391.5   413.0   439.0   478.7   570.3  1096.4  3831.1  47190.0    47055
read      299.5   123.5    93.8   147.3   162.8   282.9   344.0   376.2   399.0   426.2   460.5   512.3   633.8   814.9  2405.3  62444.2    62394
read      322.0   290.4    86.8   150.5   166.6   273.2   328.7   360.1   382.8   409.9   448.9   536.7  1602.6  3420.4  7730.1  98414.0    98519
read      303.0   108.2    93.8   158.5   176.0   303.4   347.9   370.1   386.0   402.7   426.5   461.2   535.7   690.2  2770.0  32119.2    32122
read      298.9   129.7    93.8   148.5   164.3   289.9   346.5   375.0   395.1   417.8   445.4   486.7   575.8   741.3  5146.9  49391.4    49464
read      309.4    97.1    93.8   167.6   187.4   310.4   349.1   369.7   384.7   401.0   423.9   458.6   538.0   740.9  1974.1  24159.6    24034
read      316.0   158.0    86.8   151.2   167.4   287.2   351.9   389.0   416.8   450.9   496.7   575.0   787.5  1326.7  3545.7  77242.8    77363
read      274.3   104.1    86.8   145.9   160.6   255.5   311.0   340.6   361.4   384.7   412.7   454.5   546.2   804.0  1422.1  91595.6    91698
read      297.5   133.0    93.8   152.5   169.0   295.6   343.4   367.4   384.0   402.1   426.9   463.1   544.8   723.7  3748.6  39070.6    38997
read      295.5   143.4    86.8   146.3   161.6   266.8   326.3   358.6   382.0   410.2   450.4   528.2   804.7  1327.4  2222.8  86075.8    86028
read      272.7   118.9    86.8   143.5   157.8   254.1   310.9   340.1   360.3   382.7   409.8   451.3   541.4   770.6  3851.6  82753.4    83012
read      296.5    90.2   101.3   175.3   195.3   296.6   328.2   344.2   357.0   370.8   391.0   422.3   491.0   626.4  2347.5  14963.8    15024
read      299.2   155.5    86.8   147.7   163.0   284.3   344.3   375.1   396.5   421.3   452.2   498.8   603.3   940.2  6827.9  56711.2    56640
read      307.5   224.4    86.8   149.1   164.6   268.1   322.8   353.5   375.1   401.5   436.7   511.1  1312.8  2758.6  5071.7  97510.4    97362
read      274.3   119.0    86.8   147.4   162.4   255.4   306.8   335.5   356.0   379.3   408.2   453.6   553.6   857.5  2445.1 107428.8   107412
read      292.9   137.0    93.8   145.7   160.7   274.3   335.6   366.9   388.8   414.0   446.7   497.8   626.0   927.0  4571.9  65023.0    65030
read      278.2   121.8    80.4   144.4   158.9   258.4   316.5   345.9   366.7   390.0   418.9   463.7   589.8   911.9  3154.4  79194.2    79278
read      289.9   105.0    93.8   149.6   165.0   284.7   336.8   361.9   379.1   398.9   424.3   461.1   539.1   671.8  1628.6  47458.6    47544
read      356.9   387.1    86.8   157.1   175.4   290.6   346.9   379.7   403.2   433.7   479.4   587.6  2188.5  4432.4  8019.3 105347.6   105368
read      293.5   114.9    93.8   146.1   161.5   280.7   339.6   369.4   390.5   414.5   444.3   491.0   590.6   779.0  1613.2  58426.2    58181
read      297.6   150.3    86.8   147.1   162.4   282.1   342.4   373.0   394.6   419.3   450.1   497.1   602.3  1016.8  4728.3  56949.0    56960
read      294.5   102.4   101.3   174.7   194.5   294.7   325.2   340.8   352.0   365.6   382.9   410.1   474.2   717.0  3740.7  14839.4    14849
read      297.0   131.8    93.8   146.6   162.1   280.0   340.6   372.2   395.2   421.9   455.3   505.2   628.4   865.7  3496.2  63610.6    63672
read      296.7   120.2    93.8   149.3   164.8   289.1   344.9   372.8   392.4   414.3   440.5   481.5   562.7   709.6  1569.2  48388.0    48289
read      295.3    87.8   101.3   179.2   199.5   293.9   322.9   339.0   350.2   365.1   383.7   413.2   493.2   762.6  3122.9  11825.8    11797
read      288.6    80.8   109.4   179.9   199.4   287.3   315.2   330.4   340.9   354.0   370.4   399.1   468.3   665.6  2523.7  10886.2    10781
read      293.6   116.3    86.8   148.4   163.7   285.6   340.8   368.2   387.5   408.8   435.2   474.3   553.9   690.1  3155.5  49281.4    49362
read      295.8   180.7    86.8   151.8   167.7   268.6   322.0   352.0   373.3   398.7   431.1   485.7   721.9  2776.2  4599.7 102246.6   102119
read      294.4   131.4    93.8   151.0   166.5   287.3   340.9   366.8   384.7   403.7   430.3   468.0   549.2   707.7  4731.8  46393.2    46213
read      296.2   164.7    86.8   149.0   164.1   265.7   320.8   351.4   373.4   400.1   435.3   503.7   926.0  1966.3  3080.1  97049.6    97025
read      298.8    94.7   101.3   172.1   191.5   300.3   333.1   349.8   362.7   376.2   396.0   426.3   497.8   664.1  2977.9  18402.6    18351
read      301.2    92.7    93.8   169.9   189.4   303.6   338.3   356.5   369.1   384.8   403.0   432.7   497.1   624.3  2243.3  21505.6    21426
read      297.0   118.0    93.8   151.2   167.5   292.9   344.2   369.8   387.7   407.1   432.2   468.6   545.9   696.7  3248.5  42988.2    43013
read      301.0   127.8    86.8   147.5   162.9   282.2   344.6   378.0   401.6   429.9   465.8   522.7   647.2   863.9  2777.2  67446.2    67376
read      300.5   125.8    93.8   155.1   171.8   298.6   345.0   368.2   384.7   402.5   427.3   462.8   541.7  1140.0  4253.3  35961.6    36043
read      272.8   121.0   118.1   175.5   193.0   268.3   293.5   307.8   317.4   330.0   344.5   372.3   450.0   742.8  4373.9   6287.8     6255
read      331.5   288.9    86.8   153.3   170.3   277.9   333.5   365.6   390.1   421.1   467.1   600.4  1595.2  3405.6  7620.7 102269.6   102499
read      296.4    93.4    93.8   164.8   182.3   298.9   336.2   355.3   368.4   384.2   402.5   432.4   498.2   623.1  2560.2  26118.0    26263
read      294.4   132.8    93.8   146.5   162.0   280.8   338.8   369.0   390.5   415.0   445.8   493.3   594.1   787.5  3891.3  57195.6    56974
read      298.7   121.6    86.8   152.8   169.2   295.3   346.1   371.3   388.8   407.8   432.5   468.2   546.6   689.0  3860.2  40804.4    40869
read      299.1   136.9    86.8   150.6   166.6   290.6   345.2   372.2   391.3   412.6   438.3   478.4   562.5  1066.8  4356.3  46519.0    46514
read      287.5    95.3   101.3   178.9   198.8   285.9   313.8   328.6   339.3   351.7   368.8   396.7   465.0   698.4  3146.1  11438.4    11431
read      302.7   129.5    86.8   150.0   166.4   287.5   347.1   378.8   400.8   427.0   459.5   508.0   627.2   827.7  3030.5  58737.8    58600
read      303.9   134.8    86.8   149.1   165.0   283.9   345.3   379.0   402.8   431.7   467.8   526.7   667.0   929.4  3149.3  68076.4    68058
read      297.0   127.1    93.8   147.2   162.6   283.8   342.1   372.2   393.8   418.9   450.1   497.1   602.5   831.9  3165.2  54559.2    54502
read      300.5   132.9    93.8   145.9   161.6   281.5   343.7   377.0   400.6   429.0   464.8   521.7   658.3   931.3  2599.5  64032.6    64022
read      295.7   126.6    86.8   146.7   162.2   284.1   341.7   371.0   391.7   415.1   444.3   490.2   590.5   776.0  3491.3  51954.2    52142
read      338.7   357.4    93.8   151.5   168.2   278.6   335.6   367.5   391.4   421.1   463.5   562.0  2010.3  4041.5  7904.4 101233.2   101375
read      312.2   187.7    93.8   153.2   169.8   298.3   351.9   378.7   397.6   420.4   449.5   498.4   687.7  2249.7  6907.3  40462.6    40606
read      303.9   131.7    93.8   149.6   165.2   291.5   349.0   377.7   397.9   421.8   451.8   499.7   642.0  1363.4  2818.6  47425.2    47485
read      299.6   120.7    86.8   149.1   164.8   289.8   348.2   377.2   397.0   420.2   448.8   492.0   581.7   759.1  2600.2  48993.2    48977
read      312.9   139.2    93.8   153.7   170.7   302.6   357.5   385.3   403.8   427.1   456.7   505.6   680.4  1453.6  2686.3  38479.2    38615
read      288.6   157.3    86.8   144.2   159.3   263.4   323.3   355.4   377.8   403.5   437.4   497.0   683.1  1410.6  4612.3  80332.8    80279
read      286.2   117.3    86.8   146.1   161.3   265.8   325.2   356.9   378.5   402.9   434.4   485.2   620.0   915.3  1915.3  76110.4    75843
read      308.7   138.0    86.8   148.8   164.5   286.3   351.5   386.8   411.4   440.7   479.3   542.1   701.1  1097.2  2351.6  67096.4    67095
read      300.9   110.6    93.8   151.6   167.7   295.8   348.9   375.2   393.9   415.0   440.6   482.1   576.5   784.3  1625.6  41324.2    41325
read      299.2   140.5    86.8   147.8   163.3   284.2   344.1   374.3   396.2   421.4   453.2   501.4   618.8   909.7  4263.4  55754.8    55752
read      291.5   134.5    86.8   146.7   162.0   266.2   325.5   358.6   382.1   409.2   445.7   508.2   709.2  1134.2  2601.5  85652.2    85561
read      289.0   104.9   101.3   174.4   192.8   286.2   316.3   333.1   344.4   359.9   378.0   408.5   488.7   699.8  5495.6  14213.6    14194
read      284.7   128.5    93.8   146.7   161.9   262.2   318.4   349.0   370.9   396.1   427.8   478.4   667.1  1246.0  3121.5  87849.8    88002
read      282.0   123.2    86.8   148.0   162.9   261.3   316.7   347.1   368.9   393.7   424.5   469.7   592.0   960.6  3406.1  90550.4    90515
read      282.7   112.1    93.8   151.0   167.0   265.3   316.8   345.1   365.8   389.6   419.5   464.3   578.3   869.5  2370.4 109285.2   109283
read      302.7   118.8    93.8   163.6   181.6   303.6   343.5   364.2   378.2   395.5   417.2   449.2   517.4   693.1  3970.2  26688.6    26699
read      298.6   107.0    93.8   153.6   169.9   296.7   345.3   369.7   387.0   405.4   430.1   465.7   545.7   721.5  2177.0  37397.4    37400
read      294.8   109.1   101.3   169.2   187.8   296.4   329.2   345.4   358.6   372.2   391.8   420.8   482.7   658.1  3867.3  19418.4    19307
read      287.6   102.3   109.4   176.6   196.4   285.5   313.8   329.1   340.0   353.3   370.6   399.6   466.6   749.7  4829.3  11577.8    11527
read      285.5   124.2    86.8   146.0   161.0   262.8   320.9   352.7   374.5   400.4   433.2   488.7   662.2  1034.4  2126.7  83460.0    83787
read      305.9    94.6   101.3   169.5   189.0   307.0   343.4   363.1   376.2   393.4   414.6   448.5   529.6   776.4  1951.3  22267.0    22209
read      302.6   143.7    93.8   147.8   163.3   276.9   339.8   374.0   399.2   429.8   469.4   538.1   720.0  1161.7  2751.5  75047.8    75169
read      282.4   130.1    86.8   145.4   160.3   262.7   321.6   352.6   373.2   396.9   426.3   469.3   586.5   911.9  3693.8  73637.0    73833
read      280.1   120.1    86.8   147.4   162.4   260.2   314.9   344.9   366.7   391.3   422.0   467.8   588.0   857.5  3287.6  94856.2    94641
read      293.0   132.7    93.8   146.5   161.7   277.6   337.3   367.8   389.1   413.2   443.6   491.2   593.3   795.7  2889.9  61276.8    61338
read      282.3   142.7    86.8   145.7   160.7   259.1   314.4   344.8   366.7   391.8   423.7   473.4   666.0  1280.6  3923.5  91929.6    91825
read      272.2   109.1    93.8   142.9   157.1   254.1   312.3   342.1   362.7   385.1   411.3   450.7   531.3   677.8  2129.5  77176.8    77235
read      300.1   106.6    93.8   156.4   173.5   299.8   346.4   369.5   385.9   403.3   427.5   462.3   537.7   672.7  2445.0  37271.4    37257
read      301.2   118.9    93.8   158.6   175.6   302.0   345.5   367.5   382.9   399.9   422.8   456.4   528.9   669.7  3402.3  32103.4    32057
read      342.4   332.7    86.8   153.6   171.2   278.9   332.2   363.3   386.8   416.7   463.0   621.5  1958.9  3466.3  7818.0 108416.4   108618
read      275.3   124.1    93.8   143.6   157.9   257.8   315.5   344.3   364.1   386.0   412.0   451.9   539.7   776.6  4374.9  73103.0    72930
read      297.7   125.1    93.8   151.4   167.3   292.4   345.2   371.7   390.1   410.1   434.5   470.4   547.4   692.7  2385.3  43698.0    43714
read      287.2   134.4    86.8   145.5   160.7   261.6   319.6   351.8   374.3   401.4   436.7   499.9   710.1  1094.9  3301.6  87313.0    87369
read      292.9   147.8    93.8   146.7   161.9   278.9   336.9   366.2   386.8   409.9   438.9   484.7   584.2   855.5  5889.3  56525.4    56640
read      327.3   259.0    86.8   151.6   168.1   276.0   333.0   365.8   390.8   422.3   469.6   626.8  1465.4  2764.5  7332.8  97492.4    97360
read      271.0   104.3    86.8   143.2   157.4   253.4   309.9   339.1   359.0   381.0   407.1   448.1   534.7   716.4  2057.2  79998.0    79788
read      282.4    79.2   101.3   176.2   195.3   281.2   308.6   322.3   333.6   344.9   363.2   390.7   456.8   650.7  2721.7  11364.4    11352
read      293.7   139.7    93.8   146.7   162.1   266.6   324.3   356.9   380.4   408.3   448.4   523.4   765.5  1146.1  2847.1  87882.4    87962
read      298.0   127.0    93.8   154.0   170.5   294.7   344.4   368.8   385.9   404.1   428.4   463.3   539.5   703.0  4287.9  40686.6    40663
read      298.1   120.7    93.8   148.4   163.8   283.7   343.6   374.4   396.1   421.3   453.0   500.4   612.0   818.8  2351.8  59259.0    59386
read      298.6   124.7    86.8   150.3   165.8   289.5   347.1   375.8   395.3   417.3   443.8   484.2   574.2   742.6  3178.8  48227.4    48302
read      301.6   107.3   101.3   172.7   191.8   302.6   335.4   352.6   365.4   380.0   399.1   430.8   508.1   726.2  4598.4  19427.0    19398
read      311.5   166.7    86.8   149.1   164.7   279.3   342.4   378.8   405.7   440.6   489.9   580.8   810.6  1421.7  4851.2  82182.2    82197
read      275.7   114.0    86.8   143.6   157.9   256.6   315.5   345.7   366.7   389.9   417.7   458.9   549.7   795.8  1925.9  77238.0    77387
read      301.1   135.5    93.8   149.0   164.5   276.2   339.8   373.6   397.9   426.6   463.8   527.7   709.0  1109.6  2271.5  72739.8    72753
read      280.9   119.6    93.8   176.2   194.7   275.5   302.1   316.1   326.7   339.7   357.6   389.2   472.7  1544.2  4305.8   7685.2     7720
read      296.7   123.6    86.8   151.9   167.6   290.3   344.6   371.2   389.6   409.8   434.8   470.8   547.4   690.9  2855.0  46212.4    46279
read      298.5   114.7    93.8   152.7   168.9   294.8   346.0   371.7   389.5   408.8   433.2   469.7   546.4   717.5  2517.3  42043.6    42102
read      298.7   160.4    86.8   148.8   164.1   268.1   325.7   358.2   381.4   409.2   448.5   525.2   867.1  1623.1  3204.7  90687.6    90892
read      296.2   110.6    86.8   154.1   170.1   294.2   342.7   366.6   383.0   400.9   425.2   460.5   535.8   732.5  2000.5  40251.6    39976
read      296.9   120.5    93.8   147.5   163.0   281.9   342.8   374.0   396.2   422.1   454.2   501.3   606.0   762.1  1950.3  61173.6    61084
read      294.8    93.3   101.3   173.0   191.8   295.7   326.1   342.0   354.1   368.0   386.9   416.1   485.1   708.3  3136.7  16785.0    16735
read      297.1   121.0    86.8   151.8   167.8   290.6   344.6   371.4   390.0   410.2   434.4   470.7   546.4   735.8  2906.0  45914.0    45909
read      299.7    93.4    93.8   162.8   180.0   302.2   342.4   362.9   376.5   393.1   413.2   444.6   506.3   624.6  1967.3  28908.4    28976
read      318.4   192.8    86.8   150.9   167.3   282.1   346.2   384.4   413.2   449.7   501.1   601.6   867.8  1578.3  5386.1  84482.2    84704
read      365.2   280.4    86.8   159.0   178.3   303.0   371.4   414.7   449.9   498.4   580.0   765.0  1447.1  2918.6  7433.9 101502.0   101822
read      298.6   143.4    86.8   150.1   166.0   271.0   330.0   364.3   388.9   417.8   456.5   523.5   740.8  1265.4  2864.9  92306.8    92571
read      301.7   112.6   109.4   178.0   197.8   293.4   327.2   345.9   361.1   377.6   401.0   440.0   573.4  1135.8  3767.5  12035.4    12106
read      312.8   152.6    93.8   150.4   166.7   292.0   355.4   389.2   413.1   440.7   476.8   537.3   715.0  1466.7  3864.2  58507.6    58568
read      330.9   162.6    93.8   154.0   171.8   306.1   374.1   409.7   434.5   464.4   505.3   583.5   838.4  1667.6  3091.7  51388.8    51319
read      344.0   179.5   101.3   168.9   189.0   317.2   369.4   398.7   421.7   450.3   494.0   590.3  1051.1  2129.6  3368.1  21591.4    21556
read      328.4   206.0   109.4   173.0   192.6   303.4   348.7   375.2   396.7   422.9   459.2   534.0   876.3  2353.8  8389.9  14149.6    14191
read      369.0   238.7    93.8   163.3   182.5   323.1   386.6   423.0   452.6   494.6   566.8   731.0  1379.1  2587.6  4140.1  29158.4    29072
read      360.0   210.9    93.8   172.2   192.4   318.9   377.4   413.3   441.6   479.6   540.7   675.5  1192.2  2277.3  4679.4  16396.2    16350
read      429.3   336.2    86.8   164.1   185.6   336.8   430.0   496.6   555.3   638.6   761.8  1006.6  1750.5  3163.6  5583.7  86599.4    86891
read      325.5   199.1    86.8   155.9   174.3   287.7   348.0   384.3   411.1   445.3   496.0   602.4   979.6  2018.3  5978.5 104330.2   104441
read      305.4   143.6   101.3   175.5   194.4   287.2   324.2   346.0   364.0   385.5   416.0   475.4   710.2  1632.8  4585.5   8930.2     8906
read      329.1   185.2    93.8   152.6   169.9   304.2   365.8   397.5   420.5   448.1   488.5   573.4   936.6  2028.9  4908.5  42321.8    42175
read      334.1   196.8    86.8   150.6   167.7   302.2   371.5   408.5   435.2   467.4   513.3   606.3   975.2  1955.8  4473.5  51669.8    51797
read      352.2   252.4    93.8   151.8   169.3   295.2   368.2   411.5   445.8   491.9   565.6   728.5  1325.2  2627.4  6684.2  76780.0    76678
read      313.7   137.2   101.3   167.9   187.2   304.0   345.3   369.2   386.7   406.1   433.9   485.8   656.3  1309.2  4532.2  19700.2    19630
read      313.9   173.2    93.8   155.5   173.4   282.9   340.8   373.9   398.8   429.0   469.5   551.0   857.9  1855.5  3858.9  99874.8   100132
read      327.6   173.8    93.8   154.8   172.2   305.5   365.1   395.4   417.3   443.3   480.5   561.4   912.8  2030.7  3270.6  40515.4    40498
read      355.1   296.1    80.4   162.4   181.9   300.2   361.0   397.2   425.6   461.7   516.8   643.8  1595.5  3491.0  7840.6 108563.4   108559
read      317.6   146.9    86.8   164.9   183.1   303.0   346.4   371.1   390.0   412.5   445.4   508.4   777.5  1630.5  3679.3  23948.0    23964
read      339.7   185.2    93.8   154.3   172.2   304.2   376.5   417.5   447.6   484.1   535.4   631.3   931.8  1955.0  3823.2  70704.8    70760
read      333.1   184.6    93.8   158.3   176.9   294.1   358.0   396.2   426.0   463.5   519.0   630.2   976.0  1846.5  3446.9  99427.2    99567
read      349.7   191.9    93.8   164.2   184.8   309.7   374.6   415.1   446.2   486.6   546.2   663.2  1009.5  1864.8  3595.0 107521.0   107548
read      344.0   203.2    86.8   152.6   170.0   304.4   377.4   418.1   447.5   483.9   537.8   643.2  1126.4  2182.9  3608.8  53705.4    53742
read      331.6   212.2    86.8   159.0   177.2   292.5   352.5   387.9   414.2   447.2   495.5   601.4  1067.2  2539.5  4681.5 103842.6   103931
read      354.8   229.6    93.8   153.3   170.7   304.6   378.8   421.5   455.0   499.9   572.5   724.4  1233.7  2346.2  4035.6  60385.6    60359
read      334.0   166.7   101.3   176.9   197.3   306.0   351.3   378.6   399.4   428.8   471.4   573.4   924.7  1856.0  4248.4   9828.6     9725
read      360.8   226.4    93.8   154.9   173.3   314.9   391.4   433.6   465.5   506.9   573.6   708.5  1225.4  2325.8  4219.0  51854.2    52014
read      354.7   226.5    93.8   157.5   176.0   316.8   383.4   418.1   443.7   476.8   532.7   666.5  1220.1  2602.4  4631.8  40004.8    40053
read      321.7   175.0    86.8   154.3   171.8   285.9   349.7   386.9   414.2   448.0   496.7   594.5   916.0  1699.7  3472.0  86174.6    86436
read      319.1   159.7    93.8   165.5   184.0   306.9   351.3   374.8   392.9   413.9   442.5   499.4   729.6  1802.3  4759.3  23838.6    23983
read      344.9   218.3    93.8   153.1   170.5   301.7   374.9   416.6   447.4   485.8   542.1   659.1  1107.4  2284.8  5465.3  66527.6    66595
read      313.4   122.7    93.8   162.9   180.9   307.1   351.7   374.9   392.4   412.0   437.2   485.4   655.4  1393.7  2728.9  26169.2    26056
read      298.9   127.3    93.8   149.1   164.6   287.8   347.2   376.5   396.9   420.2   448.5   491.6   588.1   770.8  2292.2  51694.0    51764
read      301.5   118.5    93.8   153.5   170.1   298.2   349.5   374.4   392.0   411.4   434.9   471.1   553.2   801.1  3481.8  40138.0    40202
read      298.2   138.9    93.8   149.0   164.4   273.8   335.3   368.0   391.5   419.4   456.5   518.6   695.1  1117.0  3634.2  76700.4    76665
read      288.9   118.2   101.3   176.9   195.3   284.7   314.5   330.9   342.1   357.2   375.1   407.4   492.5   788.4  6364.7  11209.4    11133
read      298.1   140.1    86.8   149.8   165.3   271.6   332.2   365.3   388.8   416.4   453.5   519.3   744.3  1261.0  2422.5  80193.4    80405
read      288.4   133.3    93.8   148.6   163.5   265.9   325.1   357.1   379.1   403.4   435.0   486.0   635.8  1077.0  3162.0  79384.0    79106
read      284.8   121.0    86.8   150.2   165.6   264.5   318.6   349.0   370.8   395.9   427.4   473.7   597.2   937.6  2827.3  97372.8    97258
read      298.6   114.8    86.8   154.0   170.6   297.3   344.2   367.6   384.0   401.8   426.0   461.5   545.1   800.0  3409.0  36325.8    36307
read      301.6   125.0    93.8   160.7   177.8   302.1   342.8   364.1   378.6   396.0   418.6   453.2   534.5   744.9  3224.6  28700.0    28636
read      303.8   135.7    86.8   152.0   168.1   294.8   348.9   375.1   394.2   415.9   442.8   487.6   616.4  1465.8  3660.0  41513.6    41620
read      347.4   201.8    86.8   154.0   171.9   303.7   377.3   421.2   454.6   496.3   556.9   676.8  1085.0  1970.2  3412.7  75656.6    75736
read      318.2   149.8    93.8   151.8   168.8   300.6   364.2   396.1   418.9   445.2   479.7   541.6   732.7  1371.1  3187.0  45131.0    44979
read      309.3   122.7    93.8   159.2   176.3   303.9   350.5   374.6   392.4   412.4   437.0   482.7   631.5  1303.5  3350.4  31597.4    31478
read      300.5   110.6    93.8   154.8   171.4   298.3   347.1   371.1   388.1   406.2   430.4   466.7   553.0   817.6  2949.1  37573.6    37586
read      350.5   314.2    93.8   161.5   180.3   295.9   353.4   387.6   413.6   446.9   496.8   614.4  1669.3  3742.4  7877.0 108351.6   108330
