#type       avg     std     min      p5     p10     p50     p67     p75     p80     p85     p90     p95     p99    p999   p9999     QPS   target
read      364.3   509.6    86.8   149.3   170.7   227.4   250.4   267.8   284.8   317.8   716.4  1297.1  2305.7  7265.7  8065.3   4980.6     5000
read      432.1   528.3    80.4   144.2   174.9   271.0   312.3   347.1   394.3   501.6  1220.2  1380.1  2317.1  7331.3  8959.9  10070.8    10000
read      500.2   558.2    80.4   142.1   174.9   310.2   380.7   459.4   551.0   819.8  1314.1  1476.7  2336.1  7329.9  8114.5  15031.4    15000
read      599.0   622.4    74.4   150.3   188.2   370.2   518.8   651.3   828.4  1295.3  1386.5  1602.3  2436.3  7546.8  9176.5  19917.4    20000
read     3122.0  1503.4   101.3  1298.0  1360.5  3342.0  3441.7  3488.5  3584.8  3686.5  3936.8  6036.7  8032.8 10115.1 14452.1  22591.0    25000
read     3170.4  1485.4   137.8  1310.4  1360.4  3349.8  3445.4  3490.4  3595.6  3701.7  4011.9  6247.9  8046.9 10129.0 13914.1  22609.4    30000
read     3141.3  1508.3   137.8  1289.2  1332.0  3337.9  3435.6  3481.6  3579.2  3709.0  4136.9  6267.3  8055.6 10510.4 14967.5  22795.4    35000
read     3283.6  1475.0   137.8  1342.8  1410.8  3391.7  3522.5  3633.4  3702.8  3780.7  4264.4  6521.7  8041.5 10058.7 14516.7  21827.2    40000
read     2992.8  1478.9   127.6  1218.3  1269.5  3292.4  3394.4  3442.3  3472.3  3579.0  3916.5  5476.9  7998.9  9902.0 12927.8  23860.4    45000
read     3247.6  1508.8   218.6  1327.7  1392.8  3376.0  3483.0  3596.4  3674.4  3752.4  4090.9  6478.5  8055.9 13415.8 15910.5  22148.4    50000
read     3231.9  1469.2   127.6  1329.1  1394.5  3375.6  3483.2  3590.8  3664.4  3737.9  4039.1  6378.0  8039.8 10130.8 13510.3  22191.2    55000
read     3285.6  1529.5   218.6  1334.1  1401.2  3386.5  3509.2  3626.6  3700.0  3789.3  4362.9  6485.0  8088.8 12721.1 18716.3  21858.6    60000
read     3163.3  1469.0   236.1  1311.2  1363.3  3349.3  3443.7  3488.1  3584.8  3688.8  3931.4  6007.4  8026.2 10204.9 13925.6  22637.6    65000
read     3221.5  1492.3   148.8  1310.8  1363.9  3367.4  3473.4  3581.5  3668.4  3755.2  4069.0  6296.7  8050.4 10843.9 15214.2  22267.1    70000
read     3072.2  1475.7   160.7  1294.5  1332.1  3320.7  3407.6  3448.5  3474.0  3558.6  3754.5  5532.7  8024.1 10057.7 16768.5  23405.9    75000
read     3158.4  1469.6   236.1  1315.9  1368.5  3346.2  3440.3  3484.5  3573.1  3679.4  3914.2  5945.4  8030.5 10087.8 14251.2  22751.2    80000
Warning! Detected max cpu usage > 95%
CPU Usage Stats (avg/min/max): 66.43%,1.00%,100.00%
