#type       avg     std     min      p5     p10     p50     p67     p75     p80     p85     p90     p95     p99    p999   p9999     QPS   target
read      350.6   463.5    80.4   148.2   167.6   223.9   247.4   263.8   278.1   308.7   671.1  1272.1  2295.4  6648.4  7956.0   5037.6     5000
read      411.7   519.2    80.4   142.8   170.1   261.0   297.9   329.5   363.6   450.8  1195.1  1357.3  2299.5  7347.8  8082.9   9974.0    10000
read      491.6   543.6    80.4   139.8   173.7   312.2   381.0   452.3   538.4   790.1  1302.0  1446.6  2312.1  7376.9  8976.6  14940.2    15000
read      617.4   623.4    80.4   153.2   192.6   384.9   545.4   696.4   914.0  1309.3  1410.6  1624.1  2420.0  7529.8  9963.7  20095.4    20000
read     3057.9  1541.9    80.4  1277.5  1330.6  3326.6  3424.3  3470.3  3529.3  3662.5  3988.9  5849.9  8026.7 12949.6 15008.2  22862.6    25000
read     3156.2  1467.9   127.6  1265.5  1366.6  3351.2  3473.6  3568.8  3638.2  3707.7  3859.3  5946.0  8019.9  9906.8 13412.6  22614.2    30000
read     3284.1  1535.8    93.8  1312.7  1372.3  3388.6  3516.0  3631.1  3703.1  3794.1  4294.1  6719.7  8082.9 10613.3 16354.0  21871.2    35000
read     3134.3  1497.7   137.8  1286.4  1326.3  3337.5  3445.7  3512.1  3627.2  3742.4  4159.8  5906.5  8021.3 10192.8 14656.0  22795.6    40000
read     3351.3  1509.3   148.8  1372.3  1437.5  3423.8  3596.8  3690.4  3748.9  3945.5  4578.2  6691.3  8055.7 10932.8 17871.3  21443.3    45000
read     3319.4  1562.2   127.6  1330.8  1403.7  3399.4  3570.5  3681.7  3751.2  3955.9  4590.5  6510.5  8097.6 13804.8 19851.9  21633.6    50000
read     3228.0  1492.3   187.4  1340.0  1405.7  3366.1  3485.0  3604.1  3682.9  3761.8  4561.6  6377.4  8031.2  9890.7 12760.5  22220.6    55000
read     3141.3  1493.4   187.4  1296.0  1343.8  3336.0  3446.4  3516.4  3625.5  3734.7  4302.5  5981.2  8026.2 10067.0 14252.5  22737.0    60000
read     2980.6  1488.5   218.6  1232.0  1287.1  3286.3  3385.8  3432.5  3461.8  3493.7  3932.3  5486.6  8011.2 10135.7 13331.4  23978.4    65000
read     3142.2  1507.2   187.4  1310.0  1359.4  3332.3  3436.7  3485.9  3595.0  3718.9  4437.4  6175.7  8028.6 10194.9 13888.7  22818.8    70000
read     3090.8  1489.6   173.5  1290.8  1330.5  3323.6  3423.3  3470.2  3534.8  3682.2  4199.9  5872.2  8022.2 10051.4 14064.3  23174.0    75000
read     3043.8  1521.0   173.5  1226.8  1288.9  3294.0  3406.6  3459.5  3502.1  3699.8  4318.7  5992.1  8021.0 10057.2 14395.9  23593.0    80000
Warning! Detected max cpu usage > 95%
CPU Usage Stats (avg/min/max): 66.26%,0.50%,100.00%
