#type       avg     std     min      p5     p10     p50     p67     p75     p80     p85     p90     p95     p99    p999   p9999     QPS   target
read      354.6   485.0    80.4   149.3   168.2   224.6   248.1   265.9   282.7   315.1   702.2  1268.9  2293.9  7191.3  8079.8   4984.0     5000
read      414.8   505.2    80.4   140.3   172.8   269.3   308.9   339.0   371.8   453.9  1099.7  1356.2  2301.7  7241.6  8930.2  10011.0    10000
read      495.8   545.5    74.4   140.0   171.0   308.4   379.4   459.3   551.6   852.3  1312.6  1463.6  2314.0  7299.7  8131.6  15023.0    15000
read      606.5   612.9    80.4   151.3   186.8   374.3   530.5   677.4   899.8  1301.7  1394.7  1609.7  2432.1  7476.6  9111.6  19949.4    20000
read     3102.3  1491.9    93.8  1289.5  1337.6  3333.0  3429.3  3474.6  3542.7  3663.1  3876.0  5829.3  8034.4 10153.3 14521.4  22819.8    25000
read     3189.7  1459.5   127.6  1331.4  1393.3  3362.3  3461.3  3537.3  3616.6  3695.8  3836.0  6112.5  8026.0 10164.4 13928.8  22432.2    30000
read     3192.8  1464.3   187.4  1332.6  1396.1  3360.5  3457.9  3528.7  3612.3  3695.8  3859.2  5950.2  8026.0 10220.9 18940.1  22426.2    35000
read     3095.6  1481.4   148.8  1283.0  1323.0  3327.9  3422.1  3466.4  3508.0  3649.3  3935.8  5913.2  8027.6 10065.7 15150.2  23151.8    40000
read     3090.5  1475.3   101.3  1291.8  1338.4  3327.0  3419.6  3463.2  3490.5  3620.2  3751.1  5724.7  8021.9 10079.4 14171.3  23212.4    45000
read     3270.6  1460.3   101.3  1364.2  1424.8  3393.3  3526.5  3625.7  3687.7  3749.7  4133.1  6532.5  8024.0  9977.4 13963.0  21875.6    50000
read     3150.7  1473.1   148.8  1307.8  1356.0  3344.0  3436.9  3480.7  3563.9  3679.9  3969.0  6020.0  8030.7 10061.7 13902.5  22811.4    55000
read     3153.5  1495.1   187.4  1301.6  1350.9  3347.4  3445.6  3494.6  3592.1  3689.7  3933.6  5968.5  8042.7 10221.3 19945.0  22725.6    60000
read     3209.1  1491.1   148.8  1334.1  1395.5  3360.1  3458.5  3533.8  3622.5  3711.2  4043.0  6267.0  8058.9 10721.9 15919.7  22398.4    65000
read     3137.1  1474.5   187.4  1309.1  1356.8  3340.8  3434.4  3478.5  3556.2  3674.5  3934.9  5872.4  8026.2 10160.4 14572.3  22831.2    70000
read     3221.8  1482.1   187.4  1320.2  1378.1  3364.3  3464.7  3557.5  3650.6  3743.7  4232.7  6480.4  8029.7 10028.3 13938.2  22231.6    75000
read     2939.6  1503.4   236.1  1184.0  1246.1  3266.4  3371.8  3421.4  3452.4  3483.4  3740.0  5395.4  8015.6 12225.2 15292.3  24341.4    80000
Warning! Detected max cpu usage > 95%
CPU Usage Stats (avg/min/max): 66.36%,1.01%,100.00%
