#type       avg     std     min      p5     p10     p50     p67     p75     p80     p85     p90     p95     p99    p999   p9999     QPS   target
read      355.0   491.6    86.8   149.0   168.1   228.5   253.1   270.1   286.3   314.9   497.9  1274.5  2292.6  7206.5 10392.3   4980.8     5000
read      427.8   536.0    80.4   147.0   174.5   265.6   306.2   339.3   380.8   495.9  1218.5  1378.2  2312.6  7303.7  9137.6  10048.8    10000
read      497.8   563.7    80.4   143.3   173.6   305.7   373.9   452.9   552.4   854.3  1308.1  1472.9  2331.0  7356.3  9577.5  14893.6    15000
read      603.8   634.6    74.4   146.9   185.7   370.6   523.4   665.0   858.1  1297.5  1390.9  1593.7  2437.4  7551.7  9746.5  19999.5    20000
read     2740.2  1608.6    80.4   411.2   770.5  3272.2  3384.0  3436.7  3469.6  3550.0  3716.1  5356.8  7986.3  9855.2 13564.7  23207.8    25000
read     3090.0  1512.0   109.4  1289.6  1330.4  3324.2  3412.5  3454.1  3480.1  3598.9  3848.1  5780.8  8037.8 12838.3 15030.5  23199.8    30000
read     2995.3  1466.2   127.6  1241.2  1296.2  3304.4  3392.9  3434.6  3460.6  3486.6  3726.3  5468.9  8006.4 10057.1 13621.9  23800.2    35000
read     3076.9  1463.6   101.3  1292.4  1332.9  3323.7  3410.2  3450.8  3476.3  3566.1  3741.3  5669.4  8011.2  9904.4 12666.8  23287.6    40000
read     3133.7  1469.9   118.1  1307.5  1352.4  3338.9  3429.3  3471.9  3530.2  3665.5  3963.7  5885.2  8026.3 10071.7 12898.2  22846.8    45000
read     3120.1  1455.4   137.8  1302.9  1356.3  3336.0  3430.7  3475.3  3542.2  3657.8  3809.4  5703.7  8018.0 10097.0 13763.7  22870.4    50000
read     2864.2  1473.6   187.4  1165.9  1221.0  3215.9  3340.2  3394.8  3428.9  3463.0  3612.5  5308.5  7991.5 10051.7 14611.8  24873.4    55000
read     3115.5  1485.4   187.4  1299.9  1342.3  3332.2  3423.2  3466.1  3502.1  3646.8  3952.0  5768.5  8039.5 10199.0 14980.7  23057.8    60000
read     3125.3  1492.9   137.8  1300.9  1345.7  3336.0  3427.6  3470.7  3522.3  3646.0  3769.7  5785.3  8049.3 11142.7 15526.0  22996.0    65000
read     3084.2  1494.6   202.4  1284.6  1327.6  3322.1  3414.1  3457.3  3484.4  3611.2  3768.6  5718.3  8034.7 10192.1 19670.4  23262.0    70000
read     3100.1  1459.9   187.4  1296.5  1338.4  3332.8  3423.4  3466.0  3499.8  3628.3  3756.7  5778.0  8014.1  9829.4 13720.7  23094.4    75000
read     3140.2  1478.1   218.6  1303.1  1346.6  3339.3  3432.0  3475.7  3548.4  3677.4  4022.4  6112.8  8022.2  9975.3 14039.7  22863.4    80000
Warning! Detected max cpu usage > 95%
CPU Usage Stats (avg/min/max): 66.26%,0.50%,100.00%
