#type       avg     std     min      p5     p10     p50     p67     p75     p80     p85     p90     p95     p99    p999   p9999     QPS   target
read      361.7   486.8    86.8   149.3   168.5   227.3   251.4   269.4   286.8   319.3   721.6  1285.6  2307.4  7127.5  7916.6   4953.6     5000
read      438.5   522.6    80.4   149.8   179.3   273.6   316.1   352.9   400.0   520.6  1231.6  1401.1  2321.3  7242.3  8115.9  10001.8    10000
read      510.4   587.3    80.4   145.4   176.0   308.5   383.8   470.8   576.3   925.5  1323.3  1492.0  2344.5  7482.0  9327.5  14944.4    15000
read      630.2   660.5    80.4   150.7   192.0   387.0   545.7   697.1   913.8  1314.0  1426.2  1702.1  2547.9  7599.2  8792.6  19974.2    20000
read     3039.6  1503.9    86.8  1277.5  1329.8  3323.0  3418.3  3463.2  3492.8  3626.1  3759.4  5659.3  8012.9 10024.5 14452.3  22981.4    25000
read     3110.3  1466.0    86.8  1301.8  1345.2  3334.4  3425.8  3468.8  3514.4  3643.1  3788.3  5882.0  8015.4  9916.8 12718.3  22953.6    30000
read     3362.2  1536.5   101.3  1379.6  1433.9  3410.6  3564.6  3667.1  3731.1  3924.5  4617.6  6866.8  8087.5 11183.2 17283.7  21328.4    35000
read     3079.4  1481.6   118.1  1277.5  1319.1  3323.7  3418.9  3463.7  3496.0  3646.7  3929.3  5627.4  8019.3 10150.2 15526.2  23234.6    40000
read     3107.5  1500.8   127.6  1284.6  1327.1  3329.7  3426.4  3471.9  3535.3  3667.3  3987.9  5939.5  8044.1 10237.9 14300.1  23079.2    45000
read     3480.5  1504.3   160.7  1390.0  1458.8  3489.1  3672.3  3758.6  3895.9  4055.5  4674.0  7002.0  8078.0 10221.0 14722.1  20603.6    50000
read     3148.0  1505.4   118.1  1204.8  1309.5  3335.7  3459.2  3559.6  3653.6  3747.7  4140.6  6225.4  8036.9 10107.5 14178.6  22709.8    55000
read     3220.4  1496.2   187.4  1308.5  1361.4  3365.4  3472.1  3582.4  3673.6  3764.8  4274.0  6430.2  8037.2 10184.5 15632.5  22233.2    60000
read     3677.5  1838.2   236.1  1391.2  1465.6  3542.7  3727.9  3893.4  4042.8  4361.0  5615.8  7619.7  9313.4 18044.0 25583.9  19648.8    65000
read     3123.2  1509.6   236.1  1271.2  1318.6  3331.7  3430.2  3476.5  3560.8  3698.3  4061.8  6168.3  8049.9 10230.7 15377.4  22963.2    70000
read     3241.4  1479.4   275.4  1318.9  1380.9  3374.9  3486.3  3604.1  3681.6  3759.0  4166.1  6363.3  8043.3 10186.3 13944.5  22158.0    75000
read     3290.3  1515.1   255.0  1313.6  1379.9  3382.4  3506.2  3639.8  3723.3  3904.3  4389.6  6618.7  8069.4 11072.2 15444.5  21813.3    80000
Warning! Detected max cpu usage > 95%
CPU Usage Stats (avg/min/max): 66.40%,0.50%,100.00%
