#type       avg     std     min      p5     p10     p50     p67     p75     p80     p85     p90     p95     p99    p999   p9999     QPS   target
read      348.0   510.4    86.8   138.7   149.1   195.7   230.3   257.8   283.1   338.3   712.0  1349.8  2304.6  7140.7  8102.4   4976.2     5000
read      436.7   561.7    80.4   142.3   163.1   264.9   309.8   347.8   409.2   546.3  1288.3  1429.2  2335.4  7431.2  9026.6   9984.0    10000
read      518.2   579.5    80.4   145.9   170.1   312.4   393.1   496.9   618.2   929.4  1357.5  1553.4  2387.5  7315.0  8129.7  14973.0    15000
read      610.6   609.4    74.4   151.9   183.5   380.5   552.5   692.9   887.1  1326.2  1428.7  1615.2  2423.3  7403.2  9281.5  20028.4    20000
read     3159.7  1511.5   127.6  1309.5  1366.6  3341.9  3439.8  3485.9  3589.2  3707.7  4227.7  6165.1  8058.7 11994.8 14988.2  22544.4    25000
read     3163.4  1492.4    93.8  1317.0  1376.4  3340.1  3433.5  3477.5  3561.1  3697.1  4241.1  6213.9  8036.0 10408.4 14350.1  22657.0    30000
read     3000.8  1468.3   109.4  1242.1  1298.1  3289.8  3387.2  3433.0  3461.6  3490.2  3765.5  5508.2  8005.9  9962.6 13057.0  23813.2    35000
read     3143.3  1491.8   160.7  1306.9  1358.5  3335.8  3431.6  3476.7  3557.5  3690.7  4118.8  6065.7  8032.5 10129.5 14678.4  22771.8    40000
read     3035.8  1502.8   109.4  1275.7  1316.4  3306.6  3397.7  3440.6  3467.4  3519.4  3744.8  5476.6  8052.3 12207.5 16398.9  23626.8    45000
read     3099.0  1491.7   127.6  1290.9  1331.8  3322.1  3416.8  3461.4  3489.3  3647.2  4089.4  6020.1  8040.3 10067.9 13682.8  23092.4    50000
read     3073.2  1485.1   137.8  1277.4  1319.9  3316.2  3415.2  3461.7  3491.4  3650.8  4009.0  5845.9  8022.1 10044.3 14466.8  23360.3    55000
read     3153.6  1470.2   297.4  1310.3  1368.9  3340.6  3439.0  3485.2  3579.8  3689.8  4015.4  6102.1  8027.8  9945.7 13666.9  22738.2    60000
read     3118.5  1489.4   255.0  1284.9  1332.2  3325.1  3425.0  3472.0  3544.7  3693.8  4128.9  5947.2  8036.0 10128.9 13887.0  22961.2    65000
read     2934.9  1490.7   187.4  1210.9  1254.5  3255.6  3364.6  3415.9  3448.0  3480.1  3781.8  5430.9  8009.2 10170.1 14604.6  24377.0    70000
read     3268.7  1498.8   202.4  1328.3  1396.8  3374.9  3483.3  3604.3  3687.4  3772.0  4376.9  6627.8  8051.8 10082.2 13953.8  21966.4    75000
read     3068.1  1502.6   173.5  1227.3  1305.8  3300.7  3409.9  3461.3  3502.5  3646.4  4008.5  5731.8  8033.8 10233.8 15863.4  23350.2    80000
Warning! Detected max cpu usage > 95%
CPU Usage Stats (avg/min/max): 66.13%,0.00%,100.00%
