#type       avg     std     min      p5     p10     p50     p67     p75     p80     p85     p90     p95     p99    p999   p9999     QPS   target
read      350.6   517.9    86.8   138.6   151.7   206.3   244.1   270.8   294.8   341.3   657.1  1341.4  2302.0  7324.3  8105.4   5009.2     5000
read      450.1   573.9    80.4   146.3   166.6   271.7   319.5   366.2   432.5   585.2  1303.7  1453.1  2347.1  7434.1 10124.5  10030.2    10000
read      513.5   575.7    74.4   146.4   170.0   313.1   392.0   491.6   601.8   914.8  1353.7  1512.3  2362.6  7416.0  8099.2  15017.6    15000
read      614.3   622.2    74.4   152.9   180.6   378.0   549.8   694.1   910.3  1330.4  1428.9  1609.8  2499.3  7456.9  8130.8  19979.8    20000
read     2641.9  1616.0    80.4   406.4   716.2  3234.4  3351.7  3406.8  3441.3  3475.8  3680.0  5263.2  7979.0 10010.0 14576.0  23887.6    25000
read     3120.7  1579.5    86.8  1284.7  1323.6  3318.7  3415.5  3461.1  3489.5  3669.7  4352.7  6603.9  8077.7 12999.9 18284.1  22933.0    30000
read     2933.2  1480.0   118.1  1217.7  1263.6  3258.1  3365.1  3415.4  3446.9  3478.3  3724.0  5407.4  8006.9  9979.2 13929.5  24341.4    35000
read     3174.7  1474.5   127.6  1321.4  1380.1  3347.8  3442.3  3486.8  3581.8  3688.0  3978.7  6401.7  8028.3  9872.6 13504.0  22615.4    40000
read     3062.5  1495.2   101.3  1279.2  1318.3  3309.9  3405.8  3450.9  3479.1  3617.6  4057.5  5745.8  8026.6 10098.1 13642.2  23345.4    45000
read     3172.3  1485.5   137.8  1318.7  1371.7  3346.0  3439.2  3483.0  3576.5  3696.2  4059.1  6391.5  8034.5 10046.0 13551.9  22613.0    50000
read     3190.5  1485.2   160.7  1320.6  1386.8  3352.6  3452.0  3517.3  3614.0  3710.7  4033.6  6100.5  8064.8 10365.4 14195.7  22464.6    55000
read     3130.0  1471.9   202.4  1306.1  1359.6  3333.9  3429.4  3474.3  3540.0  3658.9  3846.1  5776.4  8031.5 10209.3 15537.8  22861.8    60000
read     3220.3  1494.5   160.7  1328.3  1393.6  3363.5  3467.5  3566.3  3656.2  3746.2  4109.6  6342.8  8054.1 12240.8 14972.5  22270.0    65000
read     3212.8  1498.8   160.7  1333.3  1397.9  3360.7  3461.1  3544.3  3633.9  3723.5  4038.7  6264.1  8056.7 10867.5 18762.5  22306.0    70000
read     3135.4  1474.7   148.8  1305.8  1358.5  3336.4  3432.0  3476.9  3550.9  3669.3  3920.2  5978.1  8029.8 10101.2 14302.0  22837.8    75000
read     3195.1  1487.3   275.4  1306.1  1357.5  3352.4  3454.8  3533.2  3637.7  3742.3  4185.1  6360.2  8031.8 10091.6 13920.6  22441.2    80000
Warning! Detected max cpu usage > 95%
CPU Usage Stats (avg/min/max): 66.90%,1.50%,100.00%
