#type       avg     std     min      p5     p10     p50     p67     p75     p80     p85     p90     p95     p99    p999   p9999     QPS   target
read      336.8   459.9    86.8   140.6   154.3   220.8   257.6   279.6   300.0   337.4   462.2  1291.9  2285.6  7175.4  8039.6   4973.2     5000
read      435.2   549.7    80.4   141.2   159.3   259.3   303.3   345.9   414.5   571.3  1290.5  1427.7  2323.1  7299.9  8110.5   9997.0    10000
read      497.8   577.5    80.4   141.3   163.6   297.3   369.6   459.7   565.4   868.4  1335.4  1509.6  2355.3  7417.1  8885.7  14914.4    15000
read      608.6   613.0    80.4   150.6   182.9   373.8   540.2   684.2   887.4  1321.3  1418.4  1615.3  2458.3  7412.8  9492.5  20019.2    20000
read     3165.5  1494.6   101.3  1301.7  1353.4  3344.5  3444.0  3491.3  3608.8  3726.4  4179.5  6404.7  8034.1 10040.3 13408.5  22464.4    25000
read     3131.8  1491.5   118.1  1294.8  1339.1  3333.3  3432.5  3479.2  3572.7  3708.1  4154.1  6141.7  8021.1 10056.0 14210.4  22847.8    30000
read     3248.3  1500.0   109.4  1333.3  1402.4  3370.2  3479.8  3594.0  3675.9  3757.7  4311.1  6473.5  8065.2 10240.3 16678.9  22116.2    35000
read     3344.5  1499.2   118.1  1372.6  1433.6  3410.0  3571.7  3678.7  3745.6  3950.8  4546.0  6671.4  8047.6 10202.1 15755.6  21394.4    40000
read     3319.8  1559.2   127.6  1314.0  1374.1  3377.5  3547.1  3719.6  3886.0  4138.9  4775.0  6678.5  8078.4 10237.9 15013.6  21565.0    45000
read     3138.2  1520.8   118.1  1269.0  1321.5  3324.0  3442.1  3517.0  3650.1  3811.7  4420.7  6220.6  8030.0 10212.5 14395.6  22797.6    50000
read     3230.5  1511.3   160.7  1318.4  1378.1  3357.5  3473.6  3600.3  3700.1  3881.8  4562.6  6497.6  8037.2 10069.9 13416.3  22187.8    55000
read     3214.7  1526.9   127.6  1313.2  1366.7  3348.3  3467.9  3595.8  3706.4  3922.3  4665.2  6495.4  8039.6 10038.3 13340.1  22251.6    60000
read     3228.3  1546.6   187.4  1303.3  1356.2  3358.3  3484.2  3622.6  3715.2  3923.6  4592.5  6641.9  8038.9 10181.5 18081.5  22199.4    65000
read     3129.1  1510.5   236.1  1298.5  1344.0  3324.5  3431.1  3481.2  3589.1  3730.4  4398.5  6194.4  8020.0  9975.1 14370.5  22936.6    70000
read     3099.9  1525.9   255.0  1272.7  1318.3  3313.3  3425.4  3478.2  3586.0  3739.7  4404.6  6219.9  8029.5 10013.6 15237.7  23140.4    75000
read     3212.1  1511.2   187.4  1314.1  1373.7  3354.5  3470.3  3586.5  3682.4  3806.8  4505.9  6457.9  8033.2 10122.2 14491.8  22327.2    80000
Warning! Detected max cpu usage > 95%
CPU Usage Stats (avg/min/max): 65.76%,0.00%,100.00%
