#type       avg     std     min      p5     p10     p50     p67     p75     p80     p85     p90     p95     p99    p999   p9999     QPS   target
read      352.1   511.4    86.8   139.5   151.9   208.0   244.5   268.6   290.2   333.9   674.4  1337.6  2311.0  7229.0  8460.8   5012.2     5000
read      442.8   537.7    80.4   142.9   165.0   271.1   317.9   363.3   426.3   583.7  1293.7  1442.6  2330.8  7286.3  8072.1  10008.2    10000
read      509.6   556.2    74.4   145.1   170.9   313.5   392.2   489.5   595.6   894.6  1343.2  1507.0  2350.0  7235.6  8967.8  14971.2    15000
read      608.9   602.3    80.4   151.9   184.3   381.5   548.2   687.5   881.7  1323.5  1422.1  1605.3  2407.4  7418.5  9680.5  20091.8    20000
read     3053.9  1476.7   101.3  1260.2  1318.5  3309.9  3408.3  3454.6  3483.5  3620.4  3903.0  5723.3  8010.6  9987.5 13266.7  23170.2    25000
read     3096.9  1490.4   101.3  1289.5  1334.4  3324.4  3422.8  3469.0  3524.4  3659.5  3970.9  5819.3  8029.4 10205.4 15013.4  23017.6    30000
read     3101.3  1485.6   202.4  1290.5  1332.6  3324.6  3417.7  3461.6  3488.9  3645.1  3986.6  5960.1  8028.5 10014.1 14402.1  23128.6    35000
read     3029.1  1502.1   127.6  1252.5  1305.8  3296.6  3393.4  3438.9  3467.3  3538.9  4001.5  5569.2  8029.0 10575.6 14670.7  23653.4    40000
read     3118.1  1486.3   160.7  1293.2  1335.7  3327.8  3420.5  3464.2  3495.2  3662.2  4116.9  6175.0  8017.6  9978.8 14008.2  22941.2    45000
read     3213.1  1503.2   127.6  1309.6  1364.7  3354.8  3456.6  3538.6  3643.0  3747.5  4258.8  6550.7  8047.6 10206.1 15267.7  22317.8    50000
read     3230.9  1478.5   173.5  1338.6  1407.4  3367.2  3473.6  3575.1  3655.1  3735.2  4168.9  6293.0  8040.3 10308.3 14760.7  22182.0    55000
read     3026.0  1488.2   173.5  1234.1  1292.6  3289.0  3393.3  3442.3  3473.0  3597.6  4061.6  5677.5  8012.0  9906.5 13635.6  23641.2    60000
read     3135.6  1463.0   127.6  1316.7  1370.2  3336.1  3426.8  3469.5  3518.7  3656.4  3925.5  5808.1  8025.6 10071.4 15499.4  22790.8    65000
read     3285.4  1481.0   160.7  1373.4  1428.9  3390.7  3516.6  3621.0  3686.3  3751.5  4153.4  6592.1  8058.9 10137.5 15085.3  21831.8    70000
read     3038.0  1477.4   137.8  1257.2  1309.6  3301.2  3397.9  3443.4  3471.8  3571.9  3986.0  5647.1  8006.1  9871.3 12725.2  23562.4    75000
read     2976.3  1468.0   173.5  1237.6  1292.8  3283.7  3382.8  3429.4  3458.5  3487.7  3764.9  5446.6  7995.0  9801.7 12915.6  24005.2    80000
Warning! Detected max cpu usage > 95%
CPU Usage Stats (avg/min/max): 66.36%,1.50%,100.00%
