#type       avg     std     min      p5     p10     p50     p67     p75     p80     p85     p90     p95     p99    p999   p9999     QPS   target
read      357.4   518.8    80.4   141.7   155.9   214.1   251.9   276.6   300.4   345.8   677.0  1343.9  2307.5  7321.8  9138.6   5028.0     5000
read      440.9   543.2    80.4   143.1   163.7   270.8   318.4   362.6   420.7   571.4  1298.4  1439.8  2327.5  7303.7  8138.5  10048.6    10000
read      513.4   578.0    80.4   145.5   169.5   312.7   392.0   488.2   601.1   894.5  1353.4  1527.8  2387.1  7371.4  8074.4  15023.1    15000
read      720.4   821.4    74.4   157.4   191.6   412.5   625.6   825.0  1294.4  1398.3  1530.4  1983.9  3758.7  7946.1 10181.5  20071.2    20000
read     3151.7  1520.4    93.8  1287.5  1336.1  3337.9  3441.6  3490.3  3625.6  3762.4  4334.2  6352.0  8030.9 10075.9 15422.0  22521.2    25000
read     3275.6  1499.3   137.8  1324.2  1394.3  3374.0  3483.5  3618.4  3711.2  3878.8  4399.8  6537.1  8045.5 10237.2 14057.1  21871.2    30000
read     3106.4  1566.4    93.8  1213.5  1283.3  3299.1  3424.1  3483.0  3633.3  3872.5  4424.6  6316.7  8051.8 10854.6 15660.5  23105.6    35000
read     3104.5  1504.7   148.8  1224.2  1302.7  3315.0  3428.6  3482.1  3588.6  3720.5  4149.3  6056.4  8034.0 10167.4 13625.2  23015.8    40000
read     3160.1  1502.8   137.8  1299.6  1351.6  3337.8  3440.4  3488.7  3600.6  3718.4  4233.1  6291.3  8053.3 10145.4 14526.8  22752.2    45000
read     3068.3  1510.7   187.4  1233.9  1295.7  3303.5  3411.1  3461.7  3504.6  3674.4  4196.7  5888.5  8038.8 10370.9 13890.3  23364.8    50000
read     3122.0  1502.5   321.2  1264.8  1318.9  3323.4  3428.3  3477.7  3572.4  3713.5  4211.2  6126.3  8044.9 10175.7 13793.1  23019.0    55000
read     3189.6  1498.0   173.5  1298.3  1352.1  3349.9  3453.2  3530.1  3638.3  3746.5  4256.5  6248.9  8055.2 10215.7 15278.6  22455.2    60000
read     3107.1  1504.7   127.6  1241.2  1302.4  3314.8  3427.4  3480.4  3596.3  3749.9  4283.8  6001.3  8032.8 10139.0 14088.4  23004.8    65000
read     3015.4  1499.8   275.4  1197.8  1261.0  3268.9  3392.5  3450.6  3486.9  3659.7  4140.6  5675.2  8008.9 10014.2 13711.9  23673.2    70000
read     3201.3  1498.9   346.9  1313.9  1374.4  3352.5  3456.2  3539.0  3642.4  3745.8  4304.8  6472.2  8042.2 10576.7 14791.5  22411.6    75000
read     3161.7  1487.7   148.8  1305.9  1357.8  3340.0  3439.9  3487.0  3592.6  3709.5  4233.8  6466.3  8032.9 10065.7 13050.6  22695.8    80000
Warning! Detected max cpu usage > 95%
CPU Usage Stats (avg/min/max): 65.63%,1.00%,100.00%
