Random waveform, supplied seed
Total number of intervals = 450 (6927, 52892, 98921, 61129, 40613, 53226, 38560, 103465, 104758, 94759, 37799, 8296, 69443, 12517, 43591, 20430, 93758, 10485, 16518, 83230, 5484, 55611, 20774, 96726, 32442, 73039, 74055, 51197, 59442, 35654, 78747, 42212, 52488, 36950, 16762, 79473, 61431, 87172, 108181, 80515, 37149, 13444, 72057, 70041, 90162, 52082, 24258, 72013, 58012, 45398, 50177, 34504, 66010, 73937, 55020, 53235, 97743, 5419, 14764, 7451, 48208, 16149, 78989, 18886, 75954, 44409, 16431, 85707, 58253, 103867, 21604, 90401, 84467, 99700, 32052, 18173, 67789, 51929, 83850, 18614, 29315, 108090, 27024, 49907, 9150, 34328, 51881, 14569, 81517, 78694, 93409, 39093, 18729, 70818, 21942, 91810, 39588, 40957, 62645, 15539, 107672, 32954, 58866, 23739, 54701, 60706, 72350, 58661, 34912, 103268, 38703, 83358, 57408, 86837, 33517, 66204, 73758, 99742, 109462, 94453, 44096, 100467, 8576, 59359, 7614, 60329, 43762, 67038, 26095, 71173, 109276, 13150, 61250, 84472, 82226, 27671, 98736, 106314, 105027, 96867, 89493, 50538, 22083, 48618, 94298, 63579, 64573, 77178, 29824, 64495, 20917, 85651, 61935, 50216, 72251, 71798, 19701, 24952, 81838, 26648, 24837, 29420, 103882, 70314, 61679, 49557, 19325, 9128, 94933, 24327, 71896, 93771, 20452, 42338, 72627, 80603, 49049, 92305, 56889, 78036, 71583, 72609, 107382, 86530, 16550, 84534, 72631, 49291, 62175, 80213, 16566, 53985, 101949, 24076, 52574, 106271, 105451, 86087, 29108, 101115, 74326, 75832, 94901, 15809, 28874, 51882, 32653, 41676, 63019, 99164, 47055, 62394, 98519, 32122, 49464, 24034, 77363, 91698, 38997, 86028, 83012, 15024, 56640, 97362, 107412, 65030, 79278, 47544, 105368, 58181, 56960, 14849, 63672, 48289, 11797, 10781, 49362, 102119, 46213, 97025, 18351, 21426, 43013, 67376, 36043, 6255, 102499, 26263, 56974, 40869, 46514, 11431, 58600, 68058, 54502, 64022, 52142, 101375, 40606, 47485, 48977, 38615, 80279, 75843, 67095, 41325, 55752, 85561, 14194, 88002, 90515, 109283, 26699, 37400, 19307, 11527, 83787, 22209, 75169, 73833, 94641, 61338, 91825, 77235, 37257, 32057, 108618, 72930, 43714, 87369, 56640, 97360, 79788, 11352, 87962, 40663, 59386, 48302, 19398, 82197, 77387, 72753, 7720, 46279, 42102, 90892, 39976, 61084, 16735, 45909, 28976, 84704, 101822, 92571, 12106, 58568, 51319, 21556, 14191, 29072, 16350, 86891, 104441, 8906, 42175, 51797, 76678, 19630, 100132, 40498, 108559, 23964, 70760, 99567, 107548, 53742, 103931, 60359, 9725, 52014, 40053, 86436, 23983, 66595, 26056, 51764, 40202, 76665, 11133, 80405, 79106, 97258, 36307, 28636, 41620, 75736, 44979, 31478, 37586, 108330, 64301, 11203, 7291, 87477, 77485, 42055, 26865, 94592, 66869, 17835, 55977, 82437, 15775, 87559, 105401, 88752, 94531, 101303, 86640, 84818, 20221, 43599, 52779, 89855, 48532, 107423, 46535, 47535, 49633, 30334, 17207, 106074, 48912, 96483, 39228, 92350, 85084, 81993, 101617, 16730, 71079, 108942, 55406, 42279, 21876, 34140, 42897, 18462, 100375, 41347, 101594, 47486, 73393, 51134, 58201, 71020, 72071, 93446, 28724, 59269, 74624, 52368, 9687, 44165, 6895, 55457, 61164, 108384, 33319, 97895, 39720, 68554, 86849, 30264, 100754, 98098, 86028, 93054, 42348, 29490, 18187, 95113, 8570, 62285, 52582, 34260, 59493, 58208, 93458, 18056)
Average QPS expected = 58024
Timestamp start: 1778618925864
Timestamp end: 1778620726266

#type       avg     std     min      p5     p10     p50     p67     p75     p80     p85     p90     p95     p99    p999   p9999      QPS   target
read      242.6    79.8   109.4   171.5   185.8   236.2   255.7   267.2   274.4   285.3   296.7   319.1   374.5  1200.3  3148.4   6875.5     6927
read      286.3   125.9    86.8   139.9   153.2   269.9   325.0   356.2   379.2   406.1   442.2   495.4   622.7  1002.1  2413.8  52498.8    52892
read      288.5   225.4    86.8   140.4   154.0   247.8   302.5   333.0   355.7   383.5   423.5   507.7   999.7  3075.6  5815.6  99090.5    98921
read      287.6   166.5    93.8   139.5   152.6   263.3   320.4   351.6   374.2   402.8   443.4   507.9   717.8  1711.7  4235.6  61223.5    61129
read      275.1   118.3    93.8   141.2   154.7   267.8   313.5   337.9   355.5   375.2   401.0   441.2   533.6   887.8  3222.3  40617.2    40613
read      274.9   117.7    93.8   136.2   148.8   260.1   313.2   342.4   364.3   390.1   422.9   468.8   577.4   979.4  1922.4  53188.5    53226
read      276.8   100.2    86.8   142.9   156.7   270.6   315.9   340.3   357.8   377.2   402.6   441.2   524.3   841.1  1683.3  38648.0    38560
read      285.3   222.4    86.8   140.8   154.7   248.2   301.0   330.5   351.8   377.4   413.7   484.3   940.3  3298.2  6421.8 103526.5   103465
read      270.6   147.0    86.8   140.8   154.6   246.0   298.0   326.9   347.1   371.7   402.8   456.6   630.5  1972.1  3584.4 104967.8   104758
read      272.4   151.9    86.8   140.6   154.0   247.3   301.0   330.1   350.4   374.2   404.7   458.3   669.8  1800.2  3976.6  94722.8    94759
read      274.9   101.2    93.8   144.8   159.0   271.6   313.7   335.2   349.9   367.9   390.7   426.0   507.3   903.6  2035.8  37632.2    37799
read      241.6    84.7   101.3   169.2   185.0   236.8   255.8   266.8   273.6   283.6   294.9   316.0   368.6  1111.2  2754.2   8320.8     8296
read      277.4   145.9    86.8   133.4   145.7   251.2   310.5   344.3   370.1   401.6   442.5   500.9   664.6  1453.5  2970.3  69268.5    69443
read      249.0    79.7   101.3   162.2   181.2   246.5   268.5   280.4   289.1   298.2   313.1   335.0   385.0   586.6  3072.0  12518.5    12517
read      270.9   114.1    86.8   139.1   151.6   262.0   309.3   334.3   351.9   372.6   399.0   437.2   527.4   937.0  2353.2  43515.0    43591
read      262.8    74.8   101.3   152.8   169.9   262.6   291.2   306.7   317.2   330.5   345.6   371.7   428.7   601.1  1919.1  20299.2    20430
read      287.9   212.3    86.8   140.0   153.4   247.8   304.1   336.2   360.4   390.1   432.7   525.2   916.4  3087.8  5725.1  93407.5    93758
read      249.1    88.5   109.4   167.0   184.9   245.9   266.5   276.9   285.9   294.9   308.4   327.5   378.5  1101.4  3188.1  10459.8    10485
read      259.1   126.7    93.8   156.8   175.0   255.4   280.3   293.7   303.8   315.3   331.1   355.9   417.3  1339.6  5289.6  16522.0    16518
read      290.6   199.1    86.8   138.7   151.5   249.5   310.1   344.5   371.1   405.5   460.0   561.6   824.9  2635.7  4877.6  83127.8    83230
read      231.4    89.2   101.3   165.4   178.5   226.3   243.1   252.3   259.7   268.5   279.2   297.2   357.4  1161.4  4902.6   5480.2     5484
read      286.6   148.0    86.8   137.2   150.4   266.5   323.1   355.5   378.7   406.3   442.9   496.9   649.9  1702.7  3141.0  55468.2    55611
read      267.3    90.1   101.3   153.9   171.0   266.7   295.5   311.5   321.9   336.4   353.5   379.7   437.3   724.8  3840.9  20738.0    20774
read      304.5   255.9    86.8   140.3   154.1   251.8   309.7   342.8   369.1   403.1   461.5   612.3  1321.5  3326.8  7442.0  96750.5    96726
read      275.6   111.4    93.8   149.0   163.2   273.2   311.1   330.5   343.6   360.4   381.0   415.1   499.2   947.6  3982.6  32377.2    32442
read      279.8   163.6    86.8   133.9   146.3   248.9   309.8   345.2   373.4   407.6   451.8   512.5   669.3  2087.8  4240.2  73091.8    73039
read      282.3   158.6    86.8   133.9   146.5   249.3   312.1   348.7   377.9   413.2   458.8   526.1   716.7  1705.4  3276.8  74049.0    74055
read      286.7   124.0    93.8   141.0   154.4   270.9   324.9   355.9   378.6   406.2   442.6   496.4   617.4   895.6  3047.4  51359.8    51197
read      281.1   153.9    93.8   136.8   149.3   259.9   317.2   349.8   373.9   403.5   441.2   495.8   629.6  1304.7  2675.9  59455.0    59442
read      273.0    99.2    93.8   143.6   157.5   269.0   311.1   333.5   349.0   367.8   391.2   426.3   500.0   756.6  1666.7  35573.5    35654
read      288.7   184.9    86.8   134.1   146.7   248.6   312.8   352.5   384.6   425.1   475.6   551.7   774.5  2123.3  4858.2  78884.5    78747
read      269.9   103.5    93.8   139.7   152.6   262.3   308.9   333.6   350.9   371.2   396.9   434.3   511.4   745.9  2290.6  42336.8    42212
read      273.6   119.8    86.8   136.8   149.1   259.3   311.4   340.3   362.0   387.3   419.0   464.8   566.0  1037.0  2489.1  52585.8    52488
read      271.5   102.4    93.8   141.8   155.3   266.5   308.9   331.2   346.5   365.9   389.5   425.4   501.8  1027.3  2421.8  36968.8    36950
read      262.3   101.7   101.3   158.4   177.5   260.7   286.9   300.8   311.3   322.2   339.5   365.0   422.2   751.5  2807.6  16676.2    16762
read      293.3   197.4    86.8   135.3   148.3   250.7   315.2   355.8   388.7   429.8   481.8   561.2   797.3  2539.7  5473.7  79306.2    79473
read      281.8   130.5    86.8   136.1   148.8   260.5   318.6   351.4   376.0   405.7   444.7   500.9   636.9  1231.9  2577.8  61327.2    61431
read      285.4   207.5    86.8   138.3   151.2   246.7   304.9   337.3   361.6   391.6   434.2   516.3   841.0  2874.3  5460.3  87264.5    87172
read      280.3   151.9    86.8   146.3   161.1   257.1   309.0   337.6   358.6   383.5   416.9   470.6   634.8  1863.4  3691.0 108068.8   108181
read      269.2   138.3    86.8   140.6   153.6   247.5   303.1   331.7   351.4   373.4   400.8   446.4   584.4  1494.3  4446.1  80767.0    80515
read      285.0   120.3    93.8   144.7   159.1   276.5   322.3   346.3   364.5   385.5   412.2   456.3   567.6  1318.8  2207.3  37285.2    37149
read      270.9    80.4   109.4   168.3   189.5   268.0   293.8   308.6   318.5   332.1   347.2   372.7   433.1   699.8  3149.9  13436.8    13444
read      416.2   577.4    93.8   150.1   166.5   298.2   367.3   410.7   449.2   507.6   630.0  1027.2  2826.1  7708.0 15646.1  72185.5    72057
read      267.1   118.0    93.8   139.7   152.5   250.2   305.5   332.7   351.0   371.7   397.7   436.9   550.9  1050.8  4101.5  69749.8    70041
read      277.0   165.8    86.8   142.1   155.9   250.8   305.4   334.7   355.4   379.6   410.6   462.7   673.6  2335.0  4193.6  90318.2    90162
read      293.0   152.0    86.8   141.6   155.1   273.0   328.4   359.8   383.5   412.4   451.1   507.7   667.0  1700.9  3858.7  52211.0    52082
read      281.3   105.0    93.8   154.5   170.8   278.6   313.5   332.4   345.3   362.0   382.1   414.3   486.4  1080.3  3582.6  24177.8    24258
read      300.9   216.1    93.8   138.5   151.5   261.2   325.6   365.5   397.0   436.3   488.5   568.5   807.5  2436.9  8151.8  71774.5    72013
read      292.5   160.0    80.4   135.4   148.9   266.9   327.0   362.2   389.1   421.9   463.8   529.1   718.9  1716.2  3535.1  58012.5    58012
read      309.8   199.1    93.8   142.3   157.2   282.6   339.1   371.6   396.6   427.4   467.5   539.0   845.7  2679.7  5425.1  45284.5    45398
read      274.0   114.9    86.8   137.9   150.3   260.8   312.6   341.0   362.1   386.5   417.2   462.1   550.8  1076.2  2157.9  50067.5    50177
read      283.9   113.6    86.8   145.6   161.0   278.1   322.6   346.1   363.9   384.0   408.4   448.5   532.5   819.1  3049.3  34548.0    34504
read      313.9   206.9    86.8   141.7   155.6   270.8   337.9   379.7   413.7   455.7   509.0   595.4   934.5  2453.9  4334.3  65967.2    66010
read      316.0   238.4    86.8   139.3   152.9   264.4   332.8   376.4   414.4   462.7   524.7   634.1   986.5  2992.6  6337.8  74016.2    73937
read      280.3   131.1    86.8   135.9   149.0   262.5   317.4   348.1   371.7   399.4   434.5   487.9   618.0  1154.1  3006.9  54852.0    55020
read      285.6   123.3    86.8   139.6   152.9   268.8   324.5   356.0   379.3   407.5   444.8   498.3   612.1   909.0  2438.7  53359.2    53235
read      385.7   453.9    86.8   150.1   166.8   281.8   341.7   379.6   410.3   455.4   541.8  1037.5  2646.3  4864.4  8059.7  97684.5    97743
read      246.1   113.9   109.4   174.6   188.8   238.8   257.8   268.5   275.2   286.3   297.5   319.9   379.2  1242.6  6378.0   5434.2     5419
read      267.7   111.8   101.3   163.8   183.3   265.2   290.5   304.4   314.4   326.3   342.2   369.2   430.9   784.4  7281.6  14780.5    14764
read      253.2    90.6   118.1   177.2   192.8   247.0   267.6   278.6   287.7   296.7   311.4   333.2   394.3  1189.4  4074.4   7478.5     7451
read      280.7   127.8    86.8   139.3   152.4   268.1   319.3   347.5   368.7   393.8   425.4   470.6   578.5   931.3  3587.2  48089.8    48208
read      275.1    82.9   101.3   163.4   183.6   273.7   301.4   316.3   327.4   340.4   357.9   384.6   450.4   953.2  2807.5  16267.2    16149
read      299.0   224.0    86.8   140.0   153.4   256.1   316.7   350.9   376.4   410.5   465.2   581.4   919.5  3117.3  6434.1  78815.2    78989
read      273.2    92.7    93.8   161.0   179.6   272.6   299.8   314.4   324.6   337.8   354.1   380.4   446.4   853.3  3903.3  18895.2    18886
read      319.7   302.9    86.8   138.8   152.1   261.8   328.4   372.1   408.3   455.6   515.1   616.5  1137.9  4431.1  8082.9  75895.5    75954
read      287.5   124.2    93.8   143.4   157.3   274.7   326.0   354.5   374.6   399.7   431.6   480.0   589.2  1221.7  3187.8  44355.2    44409
read      272.2   105.5   101.3   162.2   182.2   269.0   296.2   311.7   321.7   335.7   352.1   380.2   449.9  1044.7  3815.6  16366.5    16431
read      325.9   359.8    86.8   141.6   156.1   260.9   320.3   354.7   381.4   418.3   481.8   675.2  1468.7  4621.0 10815.4  85576.8    85707
read      283.4   162.0    86.8   139.4   152.4   263.3   318.1   346.5   368.0   393.4   427.7   485.8   661.4  1815.1  4817.5  58201.0    58253
read      402.3   483.3    86.8   149.8   167.0   282.3   342.2   381.8   416.2   468.7   594.6  1267.6  2799.6  4919.0  8109.8 103871.0   103867
read      284.0    87.9   101.3   163.8   182.1   282.2   313.4   330.4   342.4   357.8   376.0   406.6   482.8   813.8  3076.1  21519.5    21604
read      322.3   292.3    86.8   145.1   160.3   263.5   320.4   354.0   379.3   412.1   465.9   657.0  1570.9  3387.8  7906.6  90288.0    90401
read      277.9   155.8    86.8   142.4   156.3   252.4   307.4   336.9   357.8   381.7   412.8   464.4   690.6  2088.1  3987.6  84330.8    84467
read      276.1   158.1    86.8   140.8   154.6   249.0   302.4   331.4   352.2   376.8   409.4   466.3   717.2  2095.2  3790.2  99815.8    99700
read      277.0    92.6    93.8   150.4   165.2   277.1   314.0   333.4   346.3   363.0   382.9   413.9   484.6   704.4  2329.0  31991.0    32052
read      277.1    81.1   101.3   161.1   179.9   275.7   305.7   321.2   333.6   346.0   365.3   394.3   462.9   819.4  2093.5  18259.5    18173
read      305.9   213.3    93.8   139.8   153.1   266.2   331.3   370.4   401.3   441.0   491.1   571.0   842.0  2812.1  5758.1  67694.0    67789
read      305.3   208.0    93.8   143.8   158.1   277.3   334.1   366.9   392.0   422.9   463.4   533.5   818.1  2556.4  7793.4  51942.2    51929
read      319.4   270.5    93.8   144.6   159.4   263.3   323.8   360.6   389.5   429.4   497.7   670.5  1228.6  3231.1  7830.2  83806.2    83850
read      281.5    91.2   101.3   165.6   184.5   279.8   309.0   324.1   336.3   349.4   368.2   397.0   468.4  1039.1  3361.1  18753.8    18614
read      293.7   124.9    93.8   154.3   170.1   285.5   328.6   351.6   368.6   388.8   414.1   455.1   561.7  1762.1  3435.7  29258.5    29315
read      343.2   402.5    86.8   145.7   161.7   270.4   328.4   362.8   389.8   426.0   483.5   624.7  1966.3  5550.5  9209.2 108196.0   108090
read      287.3   107.7    93.8   155.8   171.8   284.1   320.6   340.5   355.2   372.2   395.3   431.7   523.7   989.8  2578.9  27022.8    27024
read      287.4   141.4    93.8   141.2   154.2   268.4   323.2   355.3   378.6   406.1   443.5   497.6   628.3  1221.1  3718.8  49582.5    49907
read      259.2    76.0   109.4   175.4   193.3   255.5   276.8   289.2   296.9   309.1   321.7   345.6   403.4   852.4  3871.4   9159.2     9150
read      292.6   112.4    93.8   151.9   166.4   284.1   330.7   356.7   374.7   397.5   426.4   467.9   565.0   902.0  3316.0  34259.8    34328
read      302.1   165.5    93.8   144.9   158.6   278.3   337.2   371.6   398.0   430.2   470.0   533.2   692.3  1819.3  4560.3  51895.5    51881
read      278.8   125.6   109.4   167.7   188.9   273.3   300.7   315.7   326.7   340.2   358.2   386.3   462.7  1588.6  5851.2  14722.2    14569
read      295.9   253.3    86.8   141.4   155.0   253.7   312.0   343.9   368.1   398.2   441.9   535.6   935.0  3396.3  7688.6  81633.5    81517
read      271.3   137.7    86.8   140.5   153.6   249.1   304.7   333.8   354.0   376.8   405.1   453.9   617.2  1424.4  4174.4  78555.5    78694
read      268.9   154.9    86.8   139.3   152.4   243.4   296.9   325.4   345.5   369.1   399.2   449.6   636.4  2092.4  3969.8  93437.5    93409
read      282.2   102.8    93.8   148.4   162.4   277.7   320.8   343.1   359.9   379.0   403.6   446.9   545.5   789.6  2012.9  39085.0    39093
read      282.0    91.0   101.3   163.1   182.1   279.4   310.5   327.1   339.5   354.2   372.3   402.4   476.9   797.2  3798.3  18826.2    18729
read      317.6   233.1    86.8   142.0   155.7   266.9   334.6   379.7   417.4   464.2   524.2   627.1   945.4  3089.1  5175.7  70510.0    70818
read      288.1    99.5   101.3   160.9   178.5   283.9   318.5   337.8   351.3   368.2   390.2   424.1   507.8  1113.3  2105.4  21841.2    21942
read      332.7   346.2    86.8   142.8   157.7   262.8   320.6   355.2   382.0   419.0   483.9   722.9  1721.3  4048.8  8323.4  91886.5    91810
read      289.9   126.4    93.8   149.1   163.5   281.1   326.8   351.4   369.2   391.3   420.9   468.3   596.5  1020.3  3275.5  39581.0    39588
read      296.2   140.0    93.8   147.3   161.7   282.4   333.9   363.2   384.6   409.5   443.4   494.1   603.8  1559.8  3402.1  41074.2    40957
read      298.4   163.2    93.8   140.0   153.3   265.9   330.1   368.7   399.1   436.3   484.3   558.7   742.6  1633.7  4055.9  62891.5    62645
read      282.9   105.2    93.8   167.9   188.9   279.0   307.6   323.0   335.5   348.7   368.0   397.2   466.4  1233.1  4215.7  15575.5    15539
read      369.5   446.2    86.8   148.7   165.3   282.6   344.3   383.1   414.1   455.9   519.0   677.6  2931.0  5396.2  8000.9 107587.2   107672
read      291.7   111.3    93.8   152.2   167.6   285.6   327.2   349.3   366.3   386.3   412.3   458.0   571.9  1331.6  2254.6  32990.2    32954
read      304.8   191.9    86.8   141.7   155.3   271.6   334.0   371.4   400.3   436.9   484.7   557.9   784.5  2277.5  6531.5  58978.2    58866
read      290.9   100.5    93.8   159.1   176.4   287.4   324.1   344.4   359.6   375.8   398.6   433.2   511.1  1043.3  2172.5  23753.5    23739
read      297.6   164.1    93.8   140.2   153.4   272.1   331.3   366.6   393.3   425.9   466.6   531.1   727.0  1759.8  4042.6  54804.2    54701
read      300.5   186.7    86.8   139.4   152.4   267.3   329.3   367.1   396.5   432.9   479.4   549.6   789.5  2322.6  4877.7  60545.5    60706
read      306.8   186.1    86.8   141.2   154.9   263.2   328.3   368.8   401.8   448.4   511.9   621.2   852.4  2035.0  4352.1  72290.8    72350
read      301.5   184.7    93.8   141.9   155.8   271.0   330.9   364.0   388.8   420.2   464.5   542.9   822.3  2287.6  4682.9  58765.0    58661
read      299.1   131.5    93.8   151.3   166.8   288.0   336.3   363.3   382.6   404.4   434.9   480.2   592.8  1691.3  3237.4  34797.5    34912
read      475.9   616.2    86.8   163.5   186.7   324.5   397.7   449.7   492.1   547.1   643.9  1500.2  3497.1  6998.9  8928.1 103139.2   103268
read      301.0   140.1    93.8   149.8   164.8   287.6   337.7   365.7   386.7   411.5   444.3   495.9   637.2  1726.6  3456.5  38643.8    38703
read      305.7   269.8    86.8   141.4   155.7   259.0   316.7   349.3   373.9   405.0   456.1   581.8  1118.4  3195.3  8053.8  83450.2    83358
read      289.1   170.6    93.8   139.5   152.7   265.8   323.0   354.1   376.4   403.8   444.1   509.9   705.5  1814.2  4074.4  57415.0    57408
read      306.4   245.8    86.8   139.7   153.9   254.9   315.1   351.1   380.2   420.0   486.5   633.3  1041.9  3283.4  6935.6  86844.8    86837
read      299.7   129.0    93.8   152.8   168.5   291.2   338.7   365.1   384.3   406.0   435.8   481.0   586.4   997.5  2181.5  33619.0    33517
read      314.7   244.3    93.8   139.7   153.4   268.5   336.2   378.8   413.1   457.2   514.4   610.2   877.6  3132.3  7555.7  66046.0    66204
read      312.5   701.0    86.8   138.9   152.3   259.4   324.2   363.9   395.9   439.6   503.8   622.0   934.7  3574.1  7422.4  73568.2    73758
read      268.5   169.3    86.8   138.2   151.4   240.8   293.3   321.9   342.5   367.0   398.4   451.3   687.4  1953.4  5382.8  99442.2    99742
read      288.3   187.7    86.8   143.1   158.4   257.8   311.3   341.7   364.6   392.4   430.4   499.4   758.1  2538.2  5775.4 109882.2   109462
read      268.8   163.1    86.8   137.6   150.9   242.0   295.9   325.0   345.7   370.5   401.5   455.5   648.6  2042.7  5264.2  94324.0    94453
read      300.3   153.2    93.8   147.3   161.8   283.6   339.0   370.1   393.4   421.5   457.3   509.6   646.1  1116.5  4969.6  44039.5    44096
read      344.2   377.1    86.8   148.7   165.0   277.4   335.9   370.1   397.0   431.8   485.5   616.3  2017.0  4818.5  8076.9 100583.8   100467
read      260.8    86.0   109.4   178.5   196.2   255.9   277.2   289.8   297.7   309.6   321.9   344.7   400.2  1155.8  3643.2   8635.5     8576
read      300.8   167.4    86.8   140.0   153.5   270.5   333.4   370.9   400.0   435.7   482.5   554.9   751.3  1754.8  4364.1  59287.5    59359
read      257.2    90.4   118.1   179.1   195.6   252.2   273.2   285.3   293.3   303.7   316.6   338.9   391.8  1110.4  3227.1   7605.5     7614
read      302.4   153.1    93.8   141.2   154.9   271.5   336.7   375.9   406.2   445.0   494.2   568.4   748.9  1178.5  2498.5  60312.0    60329
read      293.8   126.8    93.8   145.9   160.1   279.3   332.7   362.8   384.8   410.2   444.3   494.9   613.0  1214.7  2683.2  43570.0    43762
read      307.2   262.5    86.8   137.3   150.5   262.3   327.7   368.1   400.0   440.0   492.2   574.2   841.5  3529.8  8564.0  67161.5    67038
read      288.5   108.5    93.8   155.2   171.9   285.0   323.2   343.8   358.9   374.8   398.0   433.5   512.1   870.0  3923.7  26084.0    26095
read      301.6   244.6    86.8   138.7   152.2   258.6   318.9   352.4   377.3   409.8   458.7   557.1  1046.9  3219.4  7714.0  71249.0    71173
read      434.9   542.1    86.8   162.9   184.6   315.9   384.6   430.5   467.8   518.1   592.7   863.3  3426.7  5719.0  8103.9 109324.8   109276
read      276.5    73.7   101.3   175.7   197.1   274.6   298.7   312.4   321.0   334.5   349.2   375.4   442.5   800.4  2242.5  13177.0    13150
read      318.6   223.9    86.8   142.7   157.0   278.2   344.8   386.9   420.0   461.5   515.0   602.1   860.3  2996.3  6916.0  61101.2    61250
read      286.3   203.2    93.8   139.2   152.5   249.0   306.1   337.6   361.3   390.2   430.1   513.8   890.1  2814.7  6320.1  84420.0    84472
read      271.1   150.0    86.8   139.1   152.4   246.7   302.4   331.7   352.2   375.4   405.2   455.7   622.9  1923.8  4402.0  82302.8    82226
read      288.2   100.0    93.8   155.6   171.8   284.8   321.5   341.9   357.2   374.2   398.2   435.2   536.1   946.4  2436.4  27822.8    27671
read      370.0   406.4    86.8   147.6   164.0   275.6   336.0   373.9   406.3   456.2   554.5   912.4  2301.0  3736.8  8065.0  98493.0    98736
read      291.3   184.0    86.8   145.7   161.2   261.5   314.9   344.5   367.1   394.7   432.1   499.3   764.5  2590.6  5336.7 106081.0   106314
read      296.1   198.3    86.8   146.4   162.0   263.7   317.2   347.8   371.1   399.8   439.7   510.8   815.5  2737.9  5741.3 104939.0   105027
read      284.1   185.2    86.8   141.3   155.6   253.2   307.3   337.2   359.3   385.6   421.4   484.6   810.7  2519.1  5006.4  97028.8    96867
read      271.6   154.2    86.8   140.0   153.6   247.3   301.9   331.2   351.9   375.7   405.7   456.8   628.9  1899.7  3531.1  89587.5    89493
read      287.3   145.6    93.8   142.4   155.9   269.6   323.2   352.1   372.5   397.6   431.7   490.0   666.2  1498.7  2745.3  50327.0    50538
read      286.4   103.6    93.8   158.6   176.0   284.4   318.4   337.4   350.6   367.2   388.7   421.4   493.7   806.3  3190.6  22168.5    22083
read      304.6   164.2    93.8   145.9   160.1   282.1   341.1   375.3   400.8   431.2   469.5   531.9   700.2  1699.3  5118.5  48542.8    48618
read      310.2   301.8    86.8   142.0   156.7   258.0   313.4   344.8   368.8   398.7   442.5   548.1  1442.2  3705.3  9054.5  94334.8    94298
read      276.8   125.5    86.8   140.4   153.5   258.2   314.6   343.0   363.2   386.3   415.9   466.1   628.4  1275.9  2843.4  63579.2    63579
read      308.9   178.9    86.8   141.1   155.0   270.4   337.4   379.2   412.1   453.4   507.2   593.6   830.2  1944.1  4074.4  64678.0    64573
read      302.3   198.4    86.8   142.7   157.1   260.6   321.1   356.9   384.0   420.1   474.2   587.5   930.8  2470.1  5411.6  77171.8    77178
read      294.0   144.7    93.8   161.1   177.6   288.9   326.4   345.9   361.2   377.8   400.9   439.3   543.3  1264.6  3567.6  29747.0    29824
read      310.0   200.6    86.8   141.3   155.4   270.1   337.2   378.3   411.2   452.2   504.2   585.5   805.2  2650.3  4567.3  64210.8    64495
read      286.7   104.3    93.8   163.5   181.6   283.7   317.0   335.5   348.0   364.6   385.1   416.9   490.1   812.8  3815.0  21008.5    20917
read      310.7   277.7    86.8   140.8   154.9   256.8   315.6   349.3   374.5   406.8   459.5   602.6  1310.2  3568.7  7264.9  85798.8    85651
read      298.7   203.2    93.8   140.8   154.4   264.7   325.7   359.9   385.0   416.6   460.9   538.4   848.3  2616.3  6396.9  61859.5    61935
read      290.7   129.4    86.8   141.0   154.5   272.1   329.6   362.3   386.5   415.7   453.0   507.4   637.7  1029.2  2535.0  50337.0    50216
read      320.4   219.1    86.8   142.6   156.5   268.3   338.4   386.8   427.9   479.6   546.3   661.0   915.5  2478.9  6010.2  72067.0    72251
read      299.3   292.4    86.8   140.8   154.3   258.1   315.8   345.6   367.5   393.4   428.4   498.9   998.5  4775.6  7606.5  71968.8    71798
read      281.1    92.2   101.3   161.3   179.5   278.4   309.3   325.8   338.3   353.0   372.3   403.8   480.4  1097.7  2139.0  19657.5    19701
read      290.3    99.5    93.8   158.4   175.3   287.0   324.9   345.2   360.7   377.5   399.6   433.9   515.4   832.5  2816.8  24922.5    24952
read      304.9   249.2    86.8   140.1   154.1   255.8   316.2   351.7   379.1   416.0   471.3   601.7  1036.2  3205.7  7626.5  81653.8    81838
read      290.5   111.0   101.3   158.8   175.4   287.5   323.7   343.1   357.7   373.5   396.8   432.8   529.5  1183.2  3872.7  26648.5    26648
read      290.7   100.6    93.8   158.6   175.0   286.8   324.8   345.5   361.1   377.9   400.6   435.8   526.6   925.4  2994.6  24902.5    24837
read      285.0    93.3    93.8   152.3   167.8   281.8   322.7   344.6   360.9   378.8   401.1   435.7   507.7   715.9  1343.1  29601.8    29420
read      319.3   287.1    86.8   144.0   159.8   261.5   315.9   347.4   372.5   403.8   455.8   616.1  1587.8  3309.4  7438.2 103917.8   103882
read      269.6   119.5    86.8   139.2   152.2   251.3   307.1   335.5   355.0   376.7   403.4   448.6   573.3  1242.5  2836.3  69994.2    70314
read      294.1   157.3    86.8   140.9   154.4   265.3   325.0   358.3   383.2   414.4   459.1   537.4   786.0  1663.1  3615.4  61384.0    61679
read      300.4   140.6    86.8   144.5   158.8   279.3   338.6   372.6   398.6   430.4   469.4   530.2   677.6  1205.5  3605.1  49641.8    49557
read      285.2    87.9   101.3   164.2   183.1   283.3   315.3   332.7   344.5   360.6   379.7   409.1   477.0   743.5  3056.2  19337.2    19325
read      259.8    81.7   109.4   177.4   195.8   255.4   275.2   287.7   295.5   306.8   319.3   342.8   401.3  1239.8  2258.4   9167.2     9128
read      333.0   371.2    86.8   143.4   158.7   262.8   319.9   353.7   379.5   413.6   466.8   642.3  1864.0  4907.2  8106.1  94716.0    94933
read      284.6   115.2    93.8   158.6   175.7   281.8   315.8   334.3   346.7   362.9   382.0   412.6   491.9  1206.7  4023.1  24339.0    24327
read      312.5   231.8    86.8   138.7   152.0   262.1   330.3   375.1   412.1   458.0   516.4   616.3   966.5  3095.2  5492.3  71719.8    71896
read      308.1   224.2    86.8   140.7   155.0   252.7   310.8   347.0   377.8   422.0   507.4   695.9  1058.5  2786.3  4672.5  94035.8    93771
read      284.4    94.2    93.8   163.0   181.4   281.5   313.7   331.1   343.1   358.7   377.0   407.2   485.8  1064.4  2268.9  20535.8    20452
read      292.1   136.3    86.8   145.4   159.9   278.0   330.6   359.7   380.7   404.8   437.1   486.2   592.6  1237.9  3850.4  42170.8    42338
read      289.4   183.8    86.8   140.8   154.3   257.7   316.1   347.0   369.9   397.3   435.6   514.4   802.9  2370.7  4294.7  72597.5    72627
read      263.5   114.2    86.8   137.8   150.5   243.3   299.0   327.8   347.3   370.2   398.3   441.5   561.2  1007.1  2299.1  80890.8    80603
read      283.6   117.1    93.8   142.5   156.2   271.0   321.2   347.0   367.1   391.3   424.7   479.3   614.5  1065.9  2269.8  49051.8    49049
read      337.5   278.1    93.8   145.2   161.1   267.6   328.0   367.2   400.8   455.8   587.0   802.1  1350.2  3092.5  7247.8  92129.0    92305
read      297.3   146.0    93.8   141.3   155.0   272.1   332.9   367.9   395.1   429.0   471.5   540.1   709.9  1310.7  2504.5  57094.8    56889
read      309.3   217.2    86.8   139.7   153.3   259.2   324.4   365.0   398.0   444.0   512.0   639.0   971.0  2642.2  6482.9  78102.8    78036
read      267.0   116.7    86.8   138.8   151.6   250.2   305.5   333.5   352.7   374.4   401.2   442.5   543.0   865.9  4085.2  71354.5    71583
read      269.5   141.7    86.8   139.7   152.8   250.8   306.9   335.4   354.9   376.4   403.4   449.1   563.4  1021.9  3072.6  72494.5    72609
read      270.5   175.6    86.8   139.1   152.7   242.5   294.2   322.8   343.8   369.1   401.6   457.0   661.2  2616.4  5005.3 107159.5   107382
read      261.8   116.3    86.8   137.5   150.2   240.5   295.5   324.5   344.5   367.5   396.2   440.3   550.2  1084.1  3197.1  86599.0    86530
read      275.6    89.2   101.3   163.7   183.4   272.3   301.6   317.1   328.7   341.8   360.3   389.5   457.4  1108.2  3094.1  16441.5    16550
read      296.9   248.5    86.8   140.2   154.0   254.3   310.4   341.0   363.9   392.0   432.2   528.4  1105.5  3349.3  7557.7  84385.8    84534
read      260.5   107.2    86.8   136.0   148.5   244.4   299.3   326.3   344.2   365.2   390.8   429.6   531.2   904.6  2533.6  72197.8    72631
read      283.1   132.3    93.8   140.2   153.5   269.1   319.4   346.1   366.8   392.3   428.4   487.2   625.8  1058.4  3118.6  49356.0    49291
read      300.1   206.9    86.8   138.8   152.3   266.6   325.5   361.0   389.0   425.0   471.3   549.7   808.1  2654.9  7660.3  62137.2    62175
read      267.6   122.7    86.8   138.2   150.9   245.4   300.9   329.8   349.4   372.5   402.3   455.4   640.6  1187.4  2872.9  80276.2    80213
read      255.6    77.4    93.8   155.5   174.1   255.1   278.6   291.9   301.2   312.3   325.5   347.4   401.8   718.1  3153.4  16610.8    16566
read      281.6   118.1    86.8   141.2   154.2   266.3   319.0   348.4   371.0   398.5   434.7   488.1   591.6   808.3  2157.9  53856.0    53985
read      344.4   376.1    86.8   144.1   159.8   266.0   320.9   353.4   378.3   412.1   469.3   738.0  2225.9  3546.2  7868.0 101940.0   101949
read      266.8    94.5    93.8   151.1   167.1   266.8   296.7   312.7   323.4   337.7   355.4   383.8   449.4   734.5  3102.8  24053.2    24076
read      271.5   118.6    86.8   134.5   147.1   256.6   310.2   339.3   361.1   386.5   418.3   464.0   563.3   912.3  2880.8  52551.0    52574
read      313.3   287.1    86.8   145.6   161.4   261.9   315.9   346.6   370.6   400.8   447.2   554.7  1468.9  3602.3  7574.1 106375.5   106271
read      290.7   185.8    86.8   147.0   162.3   261.9   315.0   344.8   367.3   394.4   430.7   494.4   738.8  2697.5  4660.0 105697.0   105451
read      261.6   118.8    86.8   136.4   149.3   239.8   295.1   323.6   343.3   366.3   394.8   438.0   567.2  1213.2  2676.9  86048.2    86087
read      273.1   114.4   101.3   149.7   164.7   271.3   306.9   325.2   338.7   354.4   373.7   404.2   475.9   701.6  5006.6  29111.5    29108
read      353.8   342.9    86.8   146.4   162.7   271.7   334.2   374.6   409.9   463.5   572.4   840.0  1775.3  3722.8  7799.3 101234.0   101115
read      267.2   126.5    86.8   137.7   150.6   247.6   304.4   333.0   352.4   374.0   401.3   444.9   560.7  1252.1  3575.6  74461.5    74326
read      263.1   113.1    86.8   136.9   149.8   244.4   301.3   330.1   349.4   371.4   398.7   440.0   541.5   822.2  1930.3  75881.2    75832
read      267.5   144.2    80.4   137.4   150.6   242.4   296.4   325.4   345.7   370.2   400.9   453.2   633.5  1902.5  3644.9  94824.0    94901
read      262.6   115.0    93.8   161.9   181.0   261.1   286.0   298.6   309.0   319.4   335.5   358.8   412.8   720.9  3953.2  15888.0    15809
read      269.9    95.8    86.8   146.3   161.2   268.1   305.0   323.4   337.4   353.3   372.8   402.7   469.9   836.6  2975.6  28853.2    28874
read      273.0   117.8    86.8   134.9   147.8   259.2   312.8   341.8   363.3   388.2   419.7   464.9   559.6   808.2  1957.3  51861.8    51882
read      271.4   100.5    86.8   143.4   158.0   268.1   308.5   329.4   343.5   361.7   383.9   417.1   491.6   872.9  2035.9  32561.5    32653
read      283.6   142.8    86.8   142.7   156.9   271.4   320.4   346.6   366.0   388.4   417.0   460.9   567.6  1478.2  4099.2  41651.5    41676
read      288.9   165.6    93.8   139.5   152.8   263.8   324.0   359.2   386.0   419.4   463.1   527.1   673.7   934.1  3863.7  63010.0    63019
read      316.6   262.0    86.8   143.7   159.1   260.7   315.7   347.7   372.8   404.5   459.3   655.6  1485.1  2839.0  7231.9  99071.0    99164
read      294.1   207.7    86.8   142.3   157.3   272.5   320.2   346.4   366.8   391.5   425.9   489.6   766.3  2672.4  7785.7  47244.5    47055
read      288.6   139.9    86.8   138.8   152.4   262.8   322.2   356.9   383.1   416.1   460.6   529.3   687.2  1115.5  2961.5  62363.2    62394
read      313.6   279.9    86.8   141.7   156.9   259.0   313.3   344.4   368.9   399.7   448.8   592.8  1532.5  3299.8  7501.1  98779.8    98519
read      271.6    87.7    93.8   147.2   162.1   270.7   307.6   326.5   340.0   356.3   375.6   406.3   480.8   715.6  1484.3  32310.8    32122
read      285.8   116.1    86.8   143.0   157.2   273.5   325.2   353.4   373.6   398.8   431.7   480.3   584.4   843.3  2637.6  49505.0    49464
read      284.5    94.9   101.3   159.4   176.8   284.4   317.4   335.5   347.4   363.4   382.3   411.0   472.3   687.7  3335.2  24003.8    24034
read      302.5   186.3    93.8   143.6   158.4   266.9   326.6   361.9   389.4   425.9   479.4   583.0   826.3  1708.0  4052.3  77235.8    77363
read      284.6   147.0    86.8   143.7   158.8   260.2   313.8   343.2   364.8   390.2   424.4   482.8   744.7  1661.2  3218.4  91874.0    91698
read      290.6   122.3    93.8   150.1   165.3   284.7   329.3   352.6   369.7   390.4   416.6   458.3   554.9  1078.0  3129.4  38937.8    38997
read      292.7   149.2    86.8   143.9   158.5   261.2   317.8   350.0   373.9   404.0   450.9   551.2   827.0  1236.8  2454.6  85852.0    86028
read      267.5   124.8    86.8   139.5   152.6   246.8   301.6   330.5   350.6   373.3   401.8   448.2   578.5  1138.2  4145.0  83237.5    83012
read      274.9    72.3    86.8   170.7   191.4   273.5   300.2   314.5   324.5   337.5   353.0   376.0   432.5   600.4  2159.0  15004.2    15024
read      293.2   146.2    93.8   142.9   156.8   272.5   329.6   362.1   386.6   416.6   455.4   511.3   652.1  1310.7  3724.1  56612.0    56640
read      291.9   259.7    86.8   140.1   154.0   250.8   304.6   334.9   357.0   383.4   420.3   493.1  1101.2  3471.8  8189.6  97268.0    97362
read      288.2   192.7    86.8   144.9   160.3   258.2   311.1   340.9   363.2   390.0   426.5   491.3   732.7  3280.3  4384.3 107486.8   107412
read      291.5   163.5    93.8   139.9   153.6   262.4   322.4   356.7   381.6   412.6   455.7   527.3   746.3  1840.4  3949.2  65071.5    65030
read      298.0   185.4    93.8   141.5   155.6   257.6   317.9   352.0   377.9   411.9   465.3   587.2   904.2  2042.8  4514.5  79180.8    79278
read      284.5   120.3    93.8   145.5   160.1   275.2   324.2   349.5   367.6   389.0   416.7   462.1   582.4   989.8  2199.3  47525.2    47544
read      298.4   270.9    86.8   141.6   156.2   253.6   307.6   338.2   361.1   388.8   427.6   502.8  1381.4  3590.7  7565.9 105331.5   105368
read      289.3   137.2    86.8   140.4   154.0   267.2   326.1   359.0   383.4   413.2   453.5   514.3   668.7  1175.3  3388.3  58400.2    58181
read      299.5   155.6    93.8   141.7   155.3   274.5   335.9   371.0   398.1   431.2   472.4   537.6   723.5  1422.2  3793.9  56906.2    56960
read      267.7   105.3   101.3   167.0   186.6   265.1   290.8   304.9   314.5   325.8   340.9   364.9   423.6   857.6  5989.2  14930.2    14849
read      299.3   170.8    93.8   139.5   152.8   266.4   329.5   367.8   397.3   434.5   481.4   553.0   778.3  1904.3  4207.6  63712.2    63672
read      284.0   119.3    93.8   141.5   154.9   269.1   323.0   353.1   374.3   400.0   433.2   483.5   588.2   940.4  2633.8  48342.8    48289
read      259.2    86.7    93.8   169.1   188.6   255.3   278.1   291.3   300.4   312.3   326.7   350.9   407.5  1048.9  3955.6  11923.2    11797
read      259.3   105.8   109.4   173.5   191.7   254.6   276.3   288.9   296.9   308.9   321.2   344.4   401.5  1130.7  4347.1  10771.2    10781
read      295.5   167.6    93.8   144.7   158.7   275.0   330.9   362.9   386.5   414.7   451.1   503.3   634.0  2173.6  5098.8  49093.0    49362
read      326.4   339.8    86.8   141.9   157.0   259.2   315.4   347.4   372.3   403.7   455.6   614.9  1916.5  3671.0  7922.8 102096.8   102119
read      285.5   139.3    93.8   145.6   159.4   273.8   323.8   350.3   369.3   392.3   422.7   469.0   592.5  1018.1  2230.9  46172.0    46213
read      314.0   247.3    86.8   143.5   158.3   256.0   313.1   348.0   376.8   418.6   498.0   712.1  1182.2  3028.1  5859.3  96960.5    97025
read      272.6   138.8   101.3   161.4   179.5   269.6   297.7   313.3   323.8   337.5   354.4   381.4   450.0   784.5  7806.4  18279.0    18351
read      277.2    81.9   101.3   158.7   176.1   275.9   308.2   325.3   337.9   352.1   370.4   399.2   466.3   717.4  2241.9  21302.5    21426
read      293.3   149.5    86.8   146.3   160.5   277.8   330.6   360.2   381.4   406.0   439.0   489.6   598.0  1550.7  5185.6  42933.2    43013
read      302.3   182.6    86.8   140.2   153.5   264.9   330.8   371.0   402.5   442.1   492.8   570.9   783.6  2252.9  4830.0  67178.5    67376
read      292.4   110.5    93.8   151.1   166.3   284.5   331.8   357.3   375.0   397.6   426.1   467.2   558.9  1019.3  1917.0  35954.2    36043
read      247.1    80.6   109.4   177.4   191.3   240.8   259.3   269.9   277.1   288.1   300.5   320.9   383.3  1186.1  3120.4   6167.5     6255
read      336.7   315.9    86.8   142.5   158.0   262.6   320.1   356.7   386.4   429.4   519.5   798.0  1713.3  3354.6  7620.3 102171.0   102499
read      285.0   111.7    93.8   155.6   172.4   282.4   319.3   339.2   353.3   369.7   391.5   425.3   502.7   805.9  3613.7  26399.5    26263
read      290.4   132.1    86.8   139.0   152.2   268.7   328.9   363.3   389.0   420.1   459.8   520.1   660.1  1114.8  2631.1  57046.0    56974
read      288.4   136.6    93.8   145.4   159.9   276.7   326.6   353.8   372.7   396.1   425.7   468.0   568.4  1401.3  4064.3  41022.8    40869
read      285.5   145.8    93.8   141.7   155.5   270.6   322.9   351.8   372.9   397.8   429.7   475.7   587.3  1242.9  4312.1  46423.2    46514
read      260.2    98.0   109.4   172.7   191.4   256.8   279.3   291.8   300.6   312.1   325.5   346.5   402.6   753.7  3689.5  11440.8    11431
read      300.6   161.9    93.8   142.6   156.2   272.6   333.8   370.3   398.4   432.7   476.1   543.0   737.0  1667.0  4350.1  58588.0    58600
read      289.2   143.3    80.4   138.2   151.3   259.3   320.9   359.3   388.9   426.2   472.8   544.5   699.0   934.1  2660.2  68099.5    68058
read      287.8   142.8    93.8   142.8   156.4   270.1   325.9   357.1   379.9   406.6   443.8   498.9   615.0   870.9  3735.2  54370.8    54502
read      308.6   239.3    86.8   140.6   154.8   269.1   331.5   368.4   397.4   434.4   484.4   569.0   909.5  2886.9  7926.2  64156.2    64022
read      291.6   210.4    86.8   140.4   154.5   269.4   323.6   352.6   373.3   398.9   432.3   488.1   686.0  2652.8  8078.4  52056.2    52142
read      406.5   472.8    93.8   155.4   174.3   294.6   358.1   398.1   432.2   481.3   578.4  1095.6  2872.5  4398.4  8039.7 101465.2   101375
read      285.8   132.7    93.8   145.5   159.6   275.5   324.3   350.6   369.3   391.4   419.4   462.8   572.3  1109.1  4013.7  40857.2    40606
read      295.7   131.3    86.8   143.4   157.8   279.0   334.1   365.5   388.8   416.8   453.1   505.7   648.1  1277.3  2508.8  47501.2    47485
read      307.4   237.4    93.8   142.4   156.5   278.7   335.9   368.6   393.3   422.9   461.2   525.9   775.7  3981.4  7549.6  48895.0    48977
read      296.5   205.8    86.8   142.0   156.8   278.2   328.6   356.9   377.3   401.6   433.4   484.7   653.5  2546.0  7796.6  38412.0    38615
read      316.0   276.7    86.8   140.8   154.8   259.8   322.1   360.2   390.2   432.0   503.2   643.8  1168.3  3617.6  7735.9  80161.2    80279
read      265.4   115.3    86.8   137.6   150.4   246.3   302.9   331.7   351.3   373.5   400.8   443.8   550.3  1019.8  3069.6  76078.8    75843
read      268.2   111.0    86.8   138.5   151.3   252.2   307.9   335.5   354.5   375.2   401.9   444.3   551.4  1064.7  1962.8  67127.8    67095
read      282.2   128.0    93.8   142.8   157.4   273.7   320.8   345.4   363.4   383.9   409.4   451.9   557.5  1228.9  4235.6  41224.2    41325
read      281.9   143.7    86.8   136.2   149.4   263.1   319.5   351.2   374.1   401.5   436.9   489.9   616.9  1124.8  3988.5  55768.0    55752
read      295.7   229.5    86.8   138.5   151.8   250.4   310.1   344.1   370.5   404.3   458.7   563.7   994.8  2969.0  6859.2  85744.2    85561
read      270.6   113.3   101.3   169.1   189.6   266.7   291.4   305.0   314.5   325.8   341.1   366.4   431.1  1413.7  6015.2  14317.0    14194
read      302.4   278.0    86.8   139.6   153.5   253.1   310.5   342.8   367.6   398.3   445.5   561.4  1284.9  3232.6  7671.1  87963.2    88002
read      267.8   137.9    86.8   138.8   151.9   244.3   298.5   327.3   347.6   371.7   401.4   451.3   617.4  1554.6  3536.4  90507.8    90515
read      282.1   164.5    80.4   144.0   159.0   255.0   307.0   336.0   357.5   383.0   417.3   475.7   705.5  2259.4  3668.8 109057.8   109283
read      277.7    92.0   101.3   154.6   171.0   278.0   311.9   329.7   341.9   356.9   373.7   402.6   470.4   729.8  2025.9  26809.2    26699
read      281.9   107.0    93.8   145.1   159.6   275.0   320.9   345.5   363.6   384.1   409.2   450.6   542.0   891.7  1817.0  37466.2    37400
read      270.3    87.6    93.8   158.9   177.2   269.7   297.7   313.0   323.2   336.7   352.5   377.7   436.9   840.1  3186.5  19406.0    19307
read      260.9   135.1   109.4   170.7   190.0   254.8   275.8   288.0   295.7   307.0   319.3   343.2   416.8  1998.5  6373.3  11377.0    11527
read      296.9   173.9    86.8   140.8   154.8   255.3   316.3   354.0   384.6   426.1   489.8   599.6   834.0  1570.4  4521.4  83839.8    83787
read      267.2    82.0    93.8   156.0   172.7   269.6   297.3   311.8   320.9   333.9   347.2   371.7   427.4   532.1  2574.6  22179.2    22209
read      285.9   142.2    86.8   138.0   151.2   254.6   316.8   353.3   381.9   419.0   468.0   541.5   706.6   936.5  2992.8  74994.5    75169
read      284.2   163.0    86.8   137.8   151.0   254.7   316.4   352.2   379.2   413.4   459.9   530.2   685.2   936.6  2592.5  73700.5    73833
read      261.7   110.7    86.8   138.4   151.8   242.4   294.7   322.9   342.9   366.1   394.8   437.5   543.6   856.2  2293.3  94686.8    94641
read      268.3   105.5    86.8   137.2   150.3   255.0   310.3   337.7   356.6   377.7   404.5   449.0   537.8   688.1  1894.3  61252.5    61338
read      264.6   117.4    86.8   138.6   152.1   242.8   295.9   324.7   345.1   369.3   399.4   449.2   589.3  1021.5  2205.3  92103.5    91825
read      261.9   239.0    86.8   135.1   148.5   237.9   292.4   320.5   339.8   361.7   388.3   428.1   517.6  3042.0  9068.2  77096.0    77235
read      273.3   102.1    86.8   147.1   161.6   273.5   314.1   334.3   347.5   364.1   383.7   412.4   469.2   585.8  2623.6  37259.0    37257
read      272.5   100.5    93.8   149.5   163.9   273.4   310.1   328.4   340.9   355.7   372.7   400.3   458.3   662.6  4011.9  31956.8    32057
read      331.2   339.8    86.8   150.1   166.4   272.3   327.0   359.9   384.8   416.9   464.2   569.2  1724.6  3907.6  7811.7 108465.2   108618
read      274.1   120.7    86.8   137.6   150.5   249.8   309.3   340.8   364.3   392.4   430.5   494.3   639.3   816.1  1486.4  72665.0    72930
read      271.8   104.5    86.8   142.6   156.7   267.4   313.0   335.7   351.4   369.5   393.1   427.9   500.6   666.3  1721.0  43962.5    43714
read      279.5   139.2    86.8   138.9   152.4   246.3   302.9   335.3   359.8   390.7   436.8   540.5   783.5  1079.0  1660.7  87335.8    87369
read      267.4   111.3    86.8   137.7   150.7   256.6   310.0   335.8   353.4   373.0   398.6   436.7   520.4   662.9  3558.6  56892.2    56640
read      301.1   192.5    86.8   140.9   155.6   252.2   308.9   343.1   371.1   410.4   483.9   673.4  1038.1  1730.3  2952.5  97490.5    97360
read      258.5   126.5    86.8   134.8   148.1   239.0   294.8   323.1   342.7   365.0   391.9   431.2   520.1   791.0  4154.9  79765.5    79788
read      252.5    76.2   101.3   169.1   187.9   250.6   270.9   282.3   290.6   299.7   313.0   332.8   380.3   858.4  3047.0  11367.0    11352
read      269.7   121.3    86.8   138.8   152.2   245.2   300.3   330.5   351.9   376.8   410.1   468.6   679.3  1012.5  1994.9  87781.0    87962
read      270.0   102.1    86.8   143.9   158.1   268.7   310.6   330.9   344.4   361.4   381.6   412.1   472.9   622.6  3053.5  40598.2    40663
read      275.7   118.7    86.8   138.3   151.5   260.0   315.6   345.2   366.9   392.0   424.4   471.7   572.6   741.0  2006.6  59501.8    59386
read      272.9    99.6    86.8   140.9   154.9   266.1   315.7   340.2   357.5   376.5   400.9   437.2   509.5   644.7  1479.7  48287.0    48302
read      267.6    86.2   101.3   160.5   177.9   268.8   295.2   309.6   318.7   331.2   344.8   369.1   421.3   552.9  2510.5  19363.2    19398
read      296.1   151.0    86.8   139.8   153.7   254.9   318.7   360.0   394.4   441.6   505.0   601.3   786.5  1020.2  2227.8  82214.2    82197
read      256.5   113.7    86.8   133.7   146.7   238.6   294.1   321.9   340.9   362.4   388.6   427.1   506.9   699.1  4046.4  77711.5    77387
read      257.9   101.6    86.8   134.4   147.4   241.9   297.7   325.1   343.5   364.6   389.9   427.3   506.1   691.3  1691.6  72779.2    72753
read      250.8    98.3    93.8   177.7   193.2   245.4   264.2   274.0   282.6   291.9   305.2   326.8   390.1  1123.8  5113.6   7703.8     7720
read      278.8   111.3    80.4   146.5   161.9   272.2   319.8   343.8   361.1   380.4   403.7   440.9   511.7   653.7  1853.2  46172.0    46279
read      278.5   109.6    93.8   148.1   163.0   273.4   319.0   342.0   358.2   375.6   398.5   432.7   502.7   669.3  4078.9  42053.2    42102
read      280.7   153.6    86.8   139.6   153.8   248.6   303.2   334.2   356.8   384.3   423.3   504.9   866.1  1414.5  3194.6  90733.2    90892
read      272.8    91.4    86.8   144.9   159.8   272.2   314.6   335.3   349.2   366.0   386.9   418.1   480.3   585.2  2078.8  39924.2    39976
read      274.0   120.8    80.4   136.2   149.3   255.9   313.3   343.6   366.0   392.4   426.7   476.7   580.6   747.2  2714.6  61186.2    61084
read      263.7    88.5   101.3   162.6   180.5   264.1   288.8   301.9   311.4   321.0   336.7   359.0   403.9   532.8  3857.9  16771.5    16735
read      273.6   102.1    80.4   142.0   156.2   267.3   315.6   340.0   357.0   375.4   399.5   434.8   505.9   660.4  2558.6  45847.5    45909
read      272.5    88.0    93.8   151.9   167.1   274.4   309.1   326.2   338.5   352.4   369.7   396.5   455.2   598.1  2293.4  29199.0    28976
read      282.7   145.7    80.4   139.0   152.4   248.6   307.3   341.0   367.0   399.7   449.9   545.3   779.1  1098.9  2380.7  84474.8    84704
read      267.0   129.3    86.8   141.9   156.0   247.2   297.6   325.7   345.8   369.8   400.0   448.9   573.5   860.4  3197.5 101812.8   101822
read      262.2   108.9    86.8   139.0   152.3   242.2   295.4   324.3   344.3   368.1   397.1   440.9   544.6   797.5  2632.7  92662.8    92571
read      251.3    73.2   101.3   166.7   185.2   250.1   270.2   281.3   289.4   297.6   311.5   330.8   373.7  1049.1  3164.2  12129.8    12106
read      272.7   119.0    80.4   137.9   150.9   257.7   312.3   341.1   361.8   385.8   416.7   463.3   553.3   734.3  3208.2  58502.8    58568
read      271.0   105.8    86.8   139.4   152.6   262.2   312.4   337.9   356.1   376.5   402.6   443.8   525.0   650.9  2667.1  51362.0    51319
read      263.9   104.4    93.8   154.8   171.0   264.9   292.0   306.4   316.1   328.3   343.1   367.3   420.2   645.5  5209.1  21586.0    21556
read      254.1    81.7    86.8   161.9   179.5   253.6   275.3   287.8   295.6   306.7   318.7   340.7   391.4   723.9  3801.1  14226.0    14191
read      269.5    84.0    86.8   150.9   165.7   272.2   305.7   321.9   334.1   346.4   364.8   390.8   440.4   540.2  2182.4  29094.0    29072
read      261.3    73.2   101.3   162.3   180.4   262.5   286.6   298.8   308.6   318.4   333.4   354.4   400.0   495.3  2015.0  16448.2    16350
read      283.1   144.7    80.4   139.0   152.5   246.7   305.4   339.8   366.3   399.9   454.2   564.1   788.6  1116.4  1979.5  86994.0    86891
read      271.0   122.4    86.8   142.6   157.3   250.3   301.7   330.4   350.9   375.3   407.4   459.9   593.8   854.2  3984.9 104314.2   104441
read      242.8    86.4   101.3   167.6   183.6   239.4   258.6   268.9   275.3   285.8   296.5   316.9   369.7  1124.7  3902.9   8898.0     8906
read      274.0   108.8    86.8   143.4   157.7   270.3   315.4   338.1   353.8   371.4   394.4   427.6   495.5   668.5  2946.2  42099.2    42175
read      271.9   108.3    86.8   138.8   152.2   262.0   314.0   340.3   358.9   379.7   404.7   445.8   526.8   692.9  2783.2  51681.5    51797
read      282.7   134.8    86.8   136.7   149.7   250.3   313.1   349.6   378.8   416.7   466.1   539.3   708.0   926.8  1894.6  76634.2    76678
read      265.9    92.4    93.8   158.9   176.1   266.9   293.5   307.7   317.0   329.0   343.3   366.8   416.1   549.1  3806.5  19697.8    19630
read      325.5   298.6    86.8   145.2   161.3   265.0   319.9   352.5   377.1   409.7   463.4   643.6  1714.7  3291.4  7509.8  99872.8   100132
read      269.7   105.9    86.8   143.3   157.7   268.9   310.7   331.2   344.7   361.5   381.2   411.3   471.7   585.8  2357.2  40527.0    40498
read      398.6   496.9    86.8   151.7   170.6   291.4   352.1   390.0   420.8   462.2   531.6   878.0  3204.2  4966.2  8054.5 108609.2   108559
read      262.8    85.8    93.8   150.8   166.4   264.3   293.2   308.3   318.2   331.2   345.5   371.0   427.1   549.4  3163.5  23933.2    23964
read      278.5   127.1    86.8   135.3   148.5   253.3   313.1   346.1   372.1   403.8   448.7   512.7   655.4   827.8  2296.1  70895.8    70760
read      273.9   151.8    86.8   140.0   154.0   247.0   298.5   327.4   348.0   373.6   408.0   469.8   740.6  1717.9  3651.7  99530.2    99567
read      275.1   108.6    86.8   145.1   160.8   257.2   307.5   335.0   355.2   378.8   409.8   462.1   592.5   826.3  1694.2 107557.0   107548
read      274.4   116.9    86.8   139.7   153.3   264.2   315.1   340.3   358.5   379.3   406.4   453.1   547.6   790.6  3461.4  53634.5    53742
read      327.9   311.0    80.4   147.4   163.5   268.6   322.0   353.6   377.3   407.5   456.1   585.2  1871.8  3264.3  7742.2 103875.8   103931
read      264.4   115.9    86.8   134.3   147.3   251.5   304.3   330.9   349.2   370.5   399.0   444.7   539.2   706.4  2349.9  60367.8    60359
read      236.2    85.4   101.3   162.7   179.7   232.5   250.8   261.3   268.9   277.2   290.5   310.5   356.1  1116.7  3160.1   9759.0     9725
read      272.1   104.7    86.8   139.2   152.9   262.5   313.9   340.2   359.0   380.1   405.6   447.1   526.5   644.3  2017.4  51934.0    52014
read      272.9    93.4    86.8   144.4   158.8   270.9   314.4   336.0   350.7   368.0   389.8   422.9   487.3   587.5  2011.1  40058.5    40053
read      256.2   105.0    86.8   134.5   147.6   236.3   291.1   319.3   339.2   361.8   389.6   431.8   537.9   757.8  1529.0  86169.8    86436
read      267.7    84.4    86.8   154.6   171.0   270.2   299.8   314.8   325.2   338.0   353.5   375.6   426.4   522.9  1977.6  23926.0    23983
read      273.5   118.1    86.8   135.9   149.1   252.4   310.8   342.4   366.1   394.4   431.0   486.2   593.9   779.0  1897.9  66506.2    66595
read      267.9    78.7    86.8   152.6   168.1   270.9   301.3   317.0   328.5   341.3   358.3   382.4   430.9   514.7  2291.3  26098.2    26056
read      273.4   105.7    86.8   140.0   153.7   264.5   315.8   341.8   360.2   381.1   406.9   447.6   524.3   634.9  1967.0  51574.5    51764
read      272.7   101.4    86.8   144.6   158.9   270.3   313.3   334.7   349.1   366.5   388.0   420.3   486.9   639.7  3050.2  40101.0    40202
read      269.6   125.1    86.8   137.0   150.0   246.2   303.7   334.0   355.5   380.8   414.6   472.5   633.3   929.0  2635.4  76610.5    76665
read      250.0   154.3   101.3   166.2   184.4   245.3   265.0   274.8   283.7   292.9   306.0   325.2   371.5  1191.5  7791.1  11160.8    11133
read      288.6   156.0    86.8   138.2   151.2   251.0   313.8   352.5   383.7   425.3   481.5   564.9   744.1  1091.3  4228.9  80342.8    80405
read      255.0   116.7    86.8   134.0   146.9   236.0   291.6   319.7   339.1   360.7   386.5   424.6   506.9   714.4  3800.3  79247.8    79106
read      261.4   105.9    86.8   138.8   152.4   242.2   294.2   322.1   342.1   365.3   394.2   437.6   545.2   789.9  1827.9  97459.5    97258
read      272.9    90.9    93.8   147.3   161.7   273.2   313.0   332.8   345.8   362.7   382.5   412.4   471.6   593.2  1713.0  36286.2    36307
read      269.8    90.0    86.8   151.2   166.2   271.6   304.9   320.9   333.4   346.0   364.3   390.8   440.7   580.1  3125.7  28620.5    28636
read      274.3    97.3    93.8   144.6   158.8   271.2   315.3   337.9   353.5   371.0   394.1   428.3   496.8   632.0  2513.9  41598.5    41620
read      285.2   141.2    80.4   137.1   150.3   252.7   315.8   353.0   382.1   419.8   469.5   545.9   712.6   911.9  1966.4  75834.8    75736
read      272.6    96.0    86.8   141.4   155.5   267.6   315.1   338.7   355.2   373.5   397.6   432.9   503.7   622.7  1724.9  44970.2    44979
read      275.2   103.6    93.8   150.0   165.0   274.5   311.4   330.2   343.2   359.3   377.8   404.7   470.7  1103.4  2513.6  31373.2    31478
read      276.6   144.2    86.8   146.1   160.8   273.7   315.8   336.6   350.7   368.0   389.5   421.7   492.0  1030.0  7238.3  37668.5    37586
read      406.8   529.0    86.8   154.5   173.7   295.6   357.1   395.0   425.3   464.5   528.3   807.3  3312.4  5824.7  8134.3 108512.8   108330
read      270.7   112.2    86.8   138.3   151.6   254.5   309.7   337.5   357.1   379.7   409.7   460.4   575.8   800.8  2158.6  64393.5    64301
read      249.2    74.1    93.8   165.5   183.7   247.6   268.3   279.3   288.0   296.6   310.7   330.7   383.4   508.7  3055.1  11197.5    11203
read      237.8    79.7    93.8   167.7   182.8   234.5   252.3   262.8   269.9   278.1   290.5   309.6   353.9  1079.1  3790.8   7327.8     7291
read      268.3   138.1    80.4   136.5   150.0   242.1   296.5   326.0   346.7   371.9   404.0   465.2   717.9  1207.6  4576.0  87180.2    87477
read      257.1   104.8    86.8   135.3   148.5   239.6   294.8   322.5   341.4   362.6   388.2   426.0   504.5   711.5  2783.4  77487.8    77485
read      272.2   101.7    86.8   143.6   157.8   270.0   314.1   335.7   350.2   367.4   388.9   420.8   487.5   715.9  3782.4  41882.5    42055
read      272.8    79.0    93.8   152.5   168.7   275.2   308.6   325.6   337.9   351.6   368.8   395.1   447.3   548.4  1892.8  26935.5    26865
read      283.4   165.4    86.8   138.5   152.2   246.2   301.9   334.3   358.8   389.8   435.2   542.3   889.7  1511.1  4290.1  94146.8    94592
read      273.4   125.3    86.8   137.7   151.0   254.0   311.7   341.3   362.8   388.0   421.1   472.3   591.7   792.3  3526.9  66852.5    66869
read      263.3    69.3    93.8   160.8   178.8   265.0   290.2   303.4   312.7   322.6   338.3   360.9   403.7   530.5  1275.6  17915.8    17835
read      275.5   114.9    86.8   139.1   152.5   262.2   315.9   343.9   364.3   388.0   418.3   463.8   553.7   751.5  2633.3  55891.0    55977
read      261.1   108.9    86.8   135.7   148.8   240.5   295.5   324.3   344.2   367.6   396.3   441.8   579.1   887.3  2038.1  82319.2    82437
read      262.8    77.7    93.8   163.5   182.8   262.6   287.1   299.9   309.9   319.9   335.5   357.5   405.9   544.3  2550.9  15785.0    15775
read      262.9   114.8    86.8   134.8   148.1   239.2   294.8   324.8   345.5   370.3   402.0   457.8   632.0   936.0  1922.9  87596.0    87559
read      261.7   106.1    86.8   138.7   152.2   241.6   292.8   320.8   341.3   365.3   395.6   443.3   562.3   816.9  2028.8 105413.0   105401
read      260.7   117.8    86.8   136.9   150.2   240.3   294.2   322.8   342.9   366.1   394.8   437.2   539.5   909.3  3626.6  88920.8    88752
read      260.2   109.3    86.8   138.0   151.2   240.6   293.8   322.1   342.1   365.6   394.2   436.0   535.6   772.9  2888.3  94569.8    94531
read      263.3   106.9    86.8   140.2   154.0   244.7   295.5   323.3   343.2   366.6   395.6   439.8   547.6   802.5  2104.4 101280.8   101303
read      261.6   141.2    86.8   136.7   149.9   241.8   296.1   324.6   344.3   367.1   395.3   437.2   540.4   862.4  3245.2  86746.0    86640
read      258.2   110.9    86.8   136.1   149.5   239.6   294.2   322.5   341.9   364.1   391.0   431.0   518.6   709.4  2950.4  84888.2    84818
read      274.8   111.2    93.8   166.2   184.0   275.9   303.1   316.8   327.0   338.8   353.5   374.4   426.0   554.2  6207.9  20291.2    20221
read      277.8    95.5    86.8   148.7   163.3   273.8   319.5   342.6   358.8   376.1   398.6   431.6   499.9   599.5  1574.3  43557.8    43599
read      278.1   108.7    86.8   142.8   157.4   266.7   319.3   346.4   365.9   388.0   415.6   458.3   544.1   685.7  2268.5  52615.5    52779
read      272.8   125.7    86.8   140.1   154.1   247.2   301.2   331.2   352.6   378.1   411.9   470.3   717.5  1243.3  2266.0  89904.2    89855
read      270.4   100.0    86.8   140.7   154.4   264.5   312.9   336.8   353.3   371.8   395.6   431.1   502.4   628.5  1929.2  48565.8    48532
read      336.2   369.7    86.8   147.8   164.1   269.9   325.0   358.1   383.2   415.4   463.2   574.1  2048.7  4148.1  8054.3 107396.5   107423
read      270.3   104.7    86.8   141.4   155.2   265.5   312.1   334.9   350.2   368.0   390.7   425.2   495.2   712.3  2679.5  46468.5    46535
read      271.6   103.0    86.8   140.5   154.0   264.9   314.0   338.3   355.3   374.1   399.3   435.9   505.3   603.8  2199.0  47569.2    47535
read      274.0   126.1    86.8   140.8   154.4   265.3   315.1   340.4   358.6   378.9   403.9   444.6   525.4   679.4  4044.2  49548.0    49633
read      272.1    87.5    93.8   150.3   165.3   273.7   309.4   327.3   339.9   354.7   372.2   399.0   453.6   548.9  2356.3  30276.2    30334
read      264.5    74.0    93.8   161.3   179.5   265.7   291.5   305.2   314.6   325.5   340.3   363.0   407.8   502.9  2149.7  17302.0    17207
read      283.7   187.0    86.8   142.3   157.1   253.0   305.1   334.4   355.8   381.2   415.8   474.4   810.0  2664.7  3727.7 105986.0   106074
read      270.2   104.5    86.8   138.8   152.4   262.9   312.5   337.4   354.9   374.1   399.0   435.5   508.7   639.2  2343.2  48888.0    48912
read      283.6   180.1    86.8   140.2   154.3   248.6   302.7   333.1   355.4   382.4   420.9   497.9   958.9  2023.0  4032.0  96969.2    96483
read      271.8   119.1    86.8   144.1   158.5   270.2   311.8   332.4   346.1   363.4   384.1   415.0   473.5   600.0  5683.1  39257.0    39228
read      282.4   159.9    86.8   139.4   153.2   247.8   303.1   334.9   358.6   387.7   429.5   521.3   886.1  1572.7  3495.4  92124.0    92350
read      258.0   104.2    86.8   136.1   149.3   238.9   293.9   322.4   342.0   364.4   391.6   431.6   519.4   745.2  2056.4  85101.5    85084
read      258.5   119.6    86.8   136.3   149.5   239.4   294.1   322.4   342.3   364.6   391.7   430.9   515.0   729.5  3102.8  81958.5    81993
read      268.2   116.2    86.8   141.0   155.3   248.0   299.4   327.9   348.0   372.2   402.6   453.8   583.4   902.5  2823.5 101726.5   101617
read      262.5    76.9    93.8   163.2   182.0   263.2   286.7   298.8   308.7   318.6   333.8   355.4   401.7   510.5  3789.7  16685.2    16730
read      278.8   132.2    86.8   135.2   148.4   251.9   313.0   347.0   373.0   405.1   449.8   514.6   661.7   886.7  3210.4  70908.2    71079
read      282.1   176.2    86.8   142.1   157.2   251.6   302.8   331.5   352.5   377.6   412.6   475.1   865.6  2292.8  4318.5 109000.8   108942
read      271.0   107.2    86.8   137.7   150.8   259.5   313.2   340.2   359.4   381.3   408.6   450.9   533.7   669.9  1956.6  55313.8    55406
read      273.7   115.3    86.8   142.0   156.4   269.5   314.9   337.7   353.5   371.1   394.2   428.5   499.1   653.0  3778.5  42219.8    42279
read      271.0    75.9    93.8   157.3   174.4   273.0   302.3   317.3   328.5   340.8   357.7   382.8   432.2   559.0  2006.6  22003.5    21876
read      274.0   109.5    93.8   146.9   161.7   274.5   313.5   332.9   345.8   362.3   381.4   409.5   468.4   581.4  2831.7  34078.2    34140
read      273.3   107.5    86.8   143.0   157.3   269.4   315.2   337.8   353.6   371.3   394.3   428.1   498.0   627.8  2079.6  43029.5    42897
read      266.3    75.5    93.8   160.2   177.9   267.3   293.7   308.1   317.5   329.7   343.8   368.2   415.6   555.9  2599.0  18380.8    18462
read      319.0   270.2    86.8   144.2   159.6   260.1   315.9   349.3   375.4   411.4   471.7   681.4  1457.2  2814.5  7554.2 100417.5   100375
read      269.6    95.3    86.8   144.1   158.2   268.6   310.6   331.1   344.7   361.5   381.2   411.7   471.6   588.2  2823.1  41327.5    41347
read      271.1   134.4    86.8   141.1   155.2   247.7   299.2   327.9   348.2   372.8   404.4   461.2   666.4  1180.8  3835.0 101572.8   101594
read      270.9   117.4    86.8   140.9   154.5   264.3   312.0   335.9   352.3   371.0   395.4   431.5   506.1   681.8  3129.8  47460.2    47486
read      275.8   158.7    86.8   135.0   147.9   248.0   308.4   342.6   369.0   401.2   445.0   508.1   648.6   825.8  2231.1  73222.0    73393
read      274.1   109.6    86.8   140.0   153.7   264.6   316.0   342.4   361.4   383.0   409.3   450.5   530.3   659.8  3018.0  51184.2    51134
read      275.6   120.9    86.8   138.4   151.8   259.9   315.0   344.2   365.7   390.4   422.1   469.0   570.3   762.1  3255.6  58187.0    58201
read      277.9   130.1    86.8   136.5   149.5   251.9   312.2   346.0   372.0   403.0   446.4   508.8   647.0   836.2  1945.0  71082.8    71020
read      278.6   125.1    86.8   137.0   150.0   252.1   312.3   346.2   372.4   404.5   449.6   514.8   658.1   845.9  1370.5  71915.2    72071
read      298.6   186.8    86.8   141.5   156.3   254.2   309.9   342.1   367.6   400.3   457.3   637.3  1053.3  1822.7  3070.4  93514.5    93446
read      268.6   116.9    80.4   151.2   166.1   270.4   302.9   318.8   330.6   343.0   360.1   384.4   434.0   593.6  3838.0  28872.8    28724
read      272.0   109.7    86.8   137.3   150.4   257.5   312.0   340.8   361.6   386.1   417.9   464.9   555.3   692.5  1717.1  59190.2    59269
read      282.9   146.4    86.8   137.8   150.7   252.0   313.6   349.5   377.8   413.8   462.3   534.5   690.8   890.5  3238.6  74627.8    74624
read      271.8   107.9    86.8   139.5   152.9   261.4   312.6   338.8   357.6   378.8   405.5   447.6   529.0   698.0  2695.3  52386.0    52368
read      244.9    70.8   109.4   167.4   184.3   242.9   262.5   272.3   280.2   289.8   301.0   318.9   367.3   997.2  3377.9   9681.5     9687
read      272.9   118.1    86.8   141.5   155.6   267.0   314.0   337.5   353.8   371.9   395.8   431.1   501.8   655.7  4295.9  44057.2    44165
read      238.8    82.8   109.4   167.3   181.9   234.5   252.8   263.6   270.9   279.9   291.8   311.5   365.8  1144.8  2222.5   6853.8     6895
read      272.3   114.7    86.8   136.5   150.1   259.6   313.3   341.0   361.2   384.4   413.5   458.1   545.6   712.7  3580.0  55206.5    55457
read      276.1   120.5    86.8   136.3   149.6   257.9   315.2   345.4   368.2   395.0   429.6   482.0   589.2   849.0  2578.7  61083.2    61164
read      341.7   357.0    86.8   147.9   164.2   268.6   322.8   356.8   383.2   419.1   476.4   682.0  2013.5  3670.5  7866.0 108397.2   108384
read      272.7   105.9    86.8   149.2   163.8   273.7   309.9   327.8   340.5   355.4   372.6   400.1   460.6   697.4  3220.2  33125.2    33319
read      313.1   220.0    86.8   144.2   159.5   260.0   315.1   348.4   375.6   414.5   484.5   705.8  1228.5  2118.0  3466.2  97961.0    97895
read      270.8   101.0    86.8   144.1   158.2   269.6   311.4   332.1   346.0   363.5   384.2   414.1   473.6   625.2  2219.2  39724.5    39720
read      277.9   133.3    86.8   136.3   149.6   253.9   313.8   346.7   371.9   401.8   442.5   502.4   633.7   848.1  2029.7  68439.2    68554
read      268.3   124.3    86.8   137.2   150.5   243.5   298.8   328.3   349.1   373.7   405.7   465.2   681.5  1180.6  2832.5  86957.5    86849
read      270.8    94.2    93.8   149.4   164.6   272.5   306.9   324.1   336.8   350.7   369.1   396.6   453.7   572.0  3292.4  30169.2    30264
read      300.8   213.0    86.8   143.6   158.9   257.8   311.5   342.3   366.0   395.8   439.2   549.6  1194.7  2368.8  3968.5 100983.5   100754
read      263.7   117.7    86.8   138.8   152.4   243.2   295.3   323.7   343.9   367.4   397.2   444.5   568.5   989.2  2839.6  98180.8    98098
read      256.7   102.4    86.8   135.1   148.4   238.3   292.3   319.9   339.2   361.0   387.8   429.2   524.4   777.7  1909.0  85973.5    86028
read      262.1   112.9    86.8   139.5   152.8   243.5   295.9   323.6   343.2   365.8   394.0   437.0   542.3   782.2  1999.5  93091.5    93054
read      270.2   101.7    86.8   144.0   158.2   268.5   311.0   331.7   345.3   362.3   382.9   415.9   484.9   611.9  2993.1  42486.0    42348
read      273.9    86.1    93.8   150.7   166.3   275.9   310.6   328.3   340.8   355.6   372.7   400.0   459.5   580.8  2348.5  29438.0    29490
read      267.6   130.4   101.3   159.9   178.2   266.7   293.4   307.6   317.0   329.0   343.2   366.9   409.6   633.9  7238.3  18345.2    18187
read      268.8   137.0    86.8   138.0   151.4   242.7   295.8   325.0   346.0   370.8   403.1   462.1   713.0  1373.9  3135.3  95225.2    95113
read      246.8    86.2   101.3   172.1   188.1   242.9   262.4   272.1   279.9   289.6   301.3   320.5   372.5  1179.3  3132.8   8537.2     8570
read      273.6   127.9    80.4   135.5   148.8   255.7   312.4   342.5   364.6   390.7   424.6   473.5   577.2   837.5  3312.7  61886.2    62285
read      271.8   124.5    86.8   138.7   152.0   261.6   312.6   338.5   357.1   378.2   405.1   447.9   529.2   692.3  3806.8  52557.2    52582
read      270.2   110.9    93.8   146.5   160.8   270.3   308.0   326.8   339.9   355.1   372.8   400.8   462.4   588.8  4547.6  34297.2    34260
read      273.5   132.1    86.8   138.0   150.8   257.7   312.4   341.0   361.9   386.3   417.9   465.0   560.3   779.8  3850.6  59658.2    59493
read      272.2   113.3    86.8   137.3   150.5   258.0   312.5   340.7   361.3   385.6   416.9   464.3   554.5   701.9  1604.6  58011.0    58208
read      310.2   228.0    86.8   145.1   160.5   260.6   316.8   350.5   377.5   414.6   478.6   673.3  1117.6  2038.3  7041.3  93531.5    93458
read      264.8    74.4    93.8   158.5   177.0   264.9   291.0   305.4   315.4   327.8   343.4   368.5   423.2   534.4  2006.1  18056.0    18056

Total QPS = 58012.5 (104422496 / 1800.0s)

Total connections = 64
Misses = 0 (0.0%)
Skipped TXs = 0 (0.0%)

RX 25792356265 bytes :   13.7 MB/s
TX          0 bytes :    0.0 MB/s
Warning! Detected max cpu usage > 95%
CPU Usage Stats (avg/min/max): 100.00%,50.25%,100.00%
