#type       avg     std     min      p5     p10     p50     p67     p75     p80     p85     p90     p95     p99    p999   p9999     QPS   target
read      275.5   231.7    93.8   171.7   195.1   260.4   282.2   294.9   306.1   318.7   340.0   379.2   507.3  3700.3  8010.0   4999.6     5000
read      319.6   144.5    86.8   171.6   207.2   308.4   341.9   363.4   379.0   398.4   427.9   477.7   602.4  1701.1  6456.6  10018.8    10000
read      333.1   129.2    86.8   157.8   186.1   326.5   369.6   393.9   411.5   433.7   465.3   520.3   653.5  1034.4  3115.5  14974.2    15000
read      361.2   148.7    80.4   153.7   181.4   350.9   405.2   437.0   462.2   492.8   533.3   598.5   790.9  1275.1  2769.8  20049.5    20000
read      377.0   195.5    80.4   145.3   175.2   361.3   423.5   460.3   488.4   522.2   566.1   638.1   895.2  2244.6  6221.5  25004.0    25000
read      421.8   233.3    80.4   158.1   192.2   389.6   470.5   520.2   555.2   598.8   663.2   782.5  1089.1  1710.0  7259.0  29934.8    30000
read      405.2   230.6    74.4   154.3   184.1   369.9   450.6   499.4   535.3   578.5   637.3   752.9  1078.3  2467.0  7298.4  35077.2    35000
read     1771.5   995.1    93.8  1170.6  1264.0  1529.8  1740.2  1880.4  1974.9  2087.8  2262.9  2706.4  7777.9  9233.7 13093.6  38902.6    40000
read     1688.1   952.8   101.3  1206.0  1262.4  1456.7  1578.5  1693.0  1800.1  1946.2  2161.9  2650.3  7737.3  9758.1 12523.8  41473.8    45000
read     1906.7  1003.1   173.5  1306.8  1351.1  1656.0  1896.6  2024.5  2120.1  2231.8  2419.7  2880.2  7807.0  9343.1 11908.4  37029.4    50000
read     1738.7   955.9   118.1  1260.1  1300.3  1473.3  1611.8  1767.2  1901.7  2048.7  2259.9  2713.3  7752.1  8985.5 11230.6  40448.0    55000
read     1623.5   877.1   109.4  1252.3  1293.9  1432.8  1490.5  1552.8  1598.8  1688.9  1877.2  2647.7  7669.6  8187.4 10163.7  43162.2    60000
read     1684.0   922.4   297.4  1287.4  1311.7  1465.5  1549.9  1608.9  1689.2  1814.1  2040.7  2699.9  7710.8  9333.3 13134.1  41775.4    65000
read     1580.5   861.0   275.4  1228.5  1276.1  1384.7  1452.4  1484.6  1526.4  1604.2  1823.8  2634.8  7634.3  8137.6 10424.3  44241.0    70000
read     1644.9   884.4   236.1  1279.7  1302.4  1444.9  1501.1  1569.1  1611.5  1723.1  1957.2  2682.6  7669.6  8958.1 11325.8  42578.4    75000
read     1538.2   847.1   137.8  1155.5  1208.8  1369.5  1436.5  1472.0  1494.2  1566.5  1716.6  2578.0  7595.3  8530.6 11481.3  45393.8    80000
Warning! Detected max cpu usage > 95%
CPU Usage Stats (avg/min/max): 66.36%,1.00%,100.00%
