#type       avg     std     min      p5     p10     p50     p67     p75     p80     p85     p90     p95     p99    p999   p9999     QPS   target
read      254.1    91.6    93.8   169.9   190.8   249.7   269.5   280.9   289.9   299.8   315.2   342.0   407.4   893.7  4243.8   4942.4     5000
read      286.4   184.5    80.4   162.9   190.0   279.7   307.1   321.1   334.2   347.6   367.6   397.5   477.0  1926.0  7251.4  10040.8    10000
read      312.5   123.0    86.8   146.2   175.4   310.2   348.0   369.1   384.7   402.1   428.9   469.8   576.9  1415.5  3207.5  15030.0    15000
read      323.1   141.5    80.4   148.7   172.4   316.0   362.8   388.3   406.7   431.1   462.7   511.6   627.5  1522.0  4069.2  20109.4    20000
read      327.6   137.5    80.4   140.9   165.0   320.4   374.2   403.1   425.9   452.5   486.3   535.9   633.4   872.5  3113.6  24990.6    25000
read      343.5   150.1    80.4   147.6   170.0   327.8   391.1   427.1   454.0   485.8   526.4   586.5   738.3  1317.9  3224.9  30122.0    30000
read      379.4   204.0    80.4   150.6   180.1   353.8   424.6   467.0   499.3   536.1   582.0   661.4   919.6  2287.7  5008.3  34900.4    35000
read      408.0   217.7    80.4   160.1   194.9   375.9   455.0   503.4   537.9   577.7   630.3   726.0  1034.8  1821.3  7395.0  40098.0    40000
read     1086.9   777.2    86.8   267.8   342.5  1130.7  1269.2  1331.2  1370.9  1438.9  1567.5  1992.4  2973.6  8098.3 10195.7  44717.2    45000
read     1591.9   864.2   118.1  1230.2  1285.8  1406.6  1467.7  1496.4  1558.1  1628.7  1843.0  2646.6  7644.2  8131.6 10125.7  43739.4    50000
read     1627.5   915.5   218.6  1222.8  1292.8  1441.1  1493.4  1554.1  1596.2  1678.2  1873.8  2672.7  7697.7  9968.9 12797.7  43161.0    55000
read     1595.1   861.2   236.1  1253.9  1293.5  1420.2  1473.9  1503.9  1554.9  1606.0  1739.2  2650.5  7612.3  9561.7 12759.6  43795.8    60000
read     1604.7   875.6   297.4  1271.4  1299.0  1429.2  1476.5  1502.8  1549.1  1595.3  1719.7  2677.4  7658.1  9110.4 11729.7  43696.4    65000
read     1669.2   909.8   255.0  1298.9  1329.1  1472.2  1541.6  1585.4  1612.7  1699.0  1870.8  2716.3  7714.1  9629.6 12542.1  42156.6    70000
read     1568.8   861.6   148.8  1239.8  1287.2  1396.9  1453.2  1479.6  1496.2  1565.5  1680.5  2629.7  7613.2  9787.0 13393.4  44604.6    75000
read     1569.7   834.5   137.8  1258.4  1293.0  1405.9  1457.9  1482.4  1499.4  1563.6  1654.3  2636.7  7605.5  8135.4 10223.7  44473.2    80000
Warning! Detected max cpu usage > 95%
CPU Usage Stats (avg/min/max): 66.03%,1.00%,100.00%
