#type       avg     std     min      p5     p10     p50     p67     p75     p80     p85     p90     p95     p99    p999   p9999     QPS   target
read      363.1   494.0    86.8   141.7   154.9   220.8   254.9   279.1   306.4   367.2   733.8  1340.7  2299.2  7232.5  8013.3   5012.0     5000
read      295.2    95.6    86.8   162.0   190.9   291.7   320.0   337.5   349.8   367.7   390.2   426.9   531.0  1008.1  2378.4   9972.4    10000
read      323.1   117.6    80.4   153.3   181.4   318.1   359.0   382.6   398.9   420.4   449.1   498.6   621.3  1390.1  2492.8  15073.4    15000
read      333.3   136.0    74.4   147.1   172.6   327.1   376.2   401.7   422.9   447.9   481.0   536.9   672.0  1345.3  3112.6  19994.4    20000
read      349.6   157.3    80.4   146.5   172.4   338.2   396.1   428.8   453.9   483.7   522.5   579.6   730.4  1758.7  3342.0  24901.0    25000
read      377.8   183.7    80.4   151.3   179.5   357.7   426.6   467.5   499.0   535.3   581.3   657.8   870.3  1405.4  4939.0  30001.4    30000
read      425.7   289.3    80.4   156.1   189.0   378.8   460.2   510.9   546.9   590.0   651.8   787.7  1451.5  3162.1  7918.0  35074.4    35000
read      417.2   224.4    80.4   160.2   194.4   381.6   463.8   514.1   549.4   592.2   651.3   764.7  1127.1  1824.5  7188.3  39921.6    40000
read     1231.9   905.2    80.4   263.3   336.8  1325.4  1402.1  1450.4  1480.6  1542.8  1680.7  2199.5  7029.8  8120.5 11249.9  44005.8    45000
read     1621.9   888.3    93.8  1277.0  1304.2  1443.5  1489.7  1543.6  1587.8  1658.9  1826.6  2670.9  7675.9  9217.0 11905.0  42977.6    50000
read     1648.6   893.1   173.5  1295.7  1319.9  1454.9  1502.9  1560.7  1596.8  1670.4  1848.0  2717.7  7701.0  8623.6 10528.8  42602.0    55000
read     1479.9   798.5   173.5  1189.4  1205.3  1322.8  1366.2  1387.5  1431.9  1476.2  1579.0  2504.9  7408.5  8694.9 10446.8  46913.2    60000
read     1656.1   902.7   255.0  1290.7  1311.7  1451.4  1508.1  1573.6  1614.5  1723.8  1919.4  2709.0  7702.9  8977.3 12249.4  42469.4    65000
read     1645.5   902.8   118.1  1196.3  1250.5  1436.5  1517.0  1597.9  1686.1  1830.3  2071.9  2652.2  7684.6  8602.5 10452.4  42596.0    70000
read     1702.8   939.5   218.6  1270.8  1302.9  1464.8  1566.1  1651.8  1740.9  1892.6  2152.1  2741.5  7723.8  9312.5 13181.8  41307.2    75000
read     1612.2   864.6   218.6  1276.0  1298.8  1427.5  1478.8  1517.5  1569.7  1632.4  1839.6  2658.1  7637.7  8924.4 12497.1  43377.8    80000
Warning! Detected max cpu usage > 95%
CPU Usage Stats (avg/min/max): 66.06%,0.50%,100.00%
