#type       avg     std     min      p5     p10     p50     p67     p75     p80     p85     p90     p95     p99    p999   p9999     QPS   target
read      247.0    91.0    93.8   161.3   180.1   242.2   261.9   272.6   281.7   292.4   307.5   332.5   404.9  1886.9  2472.2   4985.2     5000
read      279.0    91.3    86.8   161.9   188.3   277.0   303.5   317.8   329.5   342.9   362.0   391.0   459.2   720.1  3604.0   9943.8    10000
read      310.2   109.9    80.4   152.0   180.4   308.0   344.3   365.2   379.9   397.9   423.2   463.9   573.3  1177.3  2883.8  14983.2    15000
read      319.0   127.5    80.4   144.0   169.0   315.7   360.7   385.5   402.7   425.4   454.9   500.8   593.9  1342.5  2693.9  20018.8    20000
read     4703.9  2487.5    93.8  1444.5  1541.0  4312.8  5825.3  6575.2  6905.5  7415.6  7883.7  8591.3 11013.0 16116.4 18660.3  15416.8    25000
read      356.2   172.6    80.4   148.0   175.4   339.7   401.2   438.5   466.3   499.5   539.5   598.8   766.8  1426.5  4572.7  30039.2    30000
read      366.8   176.8    80.4   150.6   177.7   346.5   414.7   456.5   487.0   522.3   565.2   631.0   806.3  1411.9  4480.5  35054.6    35000
read      517.0   459.0    80.4   159.9   201.4   403.8   507.1   571.1   623.8   716.6   933.1  1356.6  2025.6  7224.2  9229.0  40036.4    40000
read     1562.9   857.8    86.8  1195.7  1259.4  1422.9  1477.6  1514.5  1560.0  1605.5  1739.2  2583.2  7616.6  8135.4 10626.7  43620.6    45000
read     1576.9   874.4   202.4  1219.0  1261.6  1382.1  1450.2  1483.4  1524.7  1606.8  1839.9  2627.8  7629.5  9522.9 13413.5  44293.4    50000
read     1563.7   852.7   218.6  1222.3  1265.9  1383.9  1450.4  1482.3  1514.0  1580.5  1695.5  2626.6  7627.4  8822.5 11063.4  44694.4    55000
read     1555.8   853.3   255.0  1205.7  1234.8  1367.3  1435.7  1475.9  1510.1  1593.8  1775.3  2595.6  7613.0  8136.6 11646.7  44936.2    60000
read     1594.0   856.9   202.4  1259.5  1293.4  1410.5  1465.3  1491.1  1539.3  1606.6  1777.0  2666.4  7630.9  8135.5 10482.6  43840.6    65000
read     1582.0   857.5   275.4  1206.5  1254.1  1418.9  1473.1  1501.6  1548.1  1594.6  1713.7  2626.4  7632.7  8353.9 11012.4  44223.5    70000
read     1556.3   844.5   187.4  1217.4  1254.4  1372.4  1437.6  1473.7  1496.3  1575.8  1722.5  2607.4  7609.4  8671.1 10825.3  44881.6    75000
read     1632.7   905.7   374.7  1285.3  1303.6  1440.0  1492.4  1552.6  1595.4  1673.1  1842.5  2684.2  7682.2  9531.1 14736.0  43021.0    80000
Warning! Detected max cpu usage > 95%
CPU Usage Stats (avg/min/max): 66.53%,0.50%,100.00%
