#type       avg     std     min      p5     p10     p50     p67     p75     p80     p85     p90     p95     p99    p999   p9999     QPS   target
read      267.0   115.9    93.8   174.6   195.8   260.9   282.2   293.9   303.5   315.3   332.2   363.2   454.0  1297.9  6214.0   5032.6     5000
read      287.9   120.4    86.8   162.8   186.9   282.2   310.2   325.9   338.7   354.0   374.1   410.5   515.4  1620.6  4183.0   9948.2    10000
read      313.7   108.4    80.4   156.2   184.3   311.8   347.9   369.7   385.2   401.7   428.1   468.6   564.9   973.9  2399.7  14991.6    15000
read      323.9   135.3    80.4   145.5   170.4   317.7   364.1   390.0   408.1   431.8   463.2   512.2   636.2  1504.2  2933.8  20127.6    20000
read      341.4   144.7    74.4   143.2   169.3   333.4   388.6   420.3   444.2   472.5   508.0   562.1   684.4  1238.9  3055.8  24947.4    25000
read      354.8   179.0    80.4   148.9   174.4   338.0   400.1   436.2   463.6   496.4   537.5   595.5   748.4  1935.3  5121.8  30076.4    30000
read      381.3   187.3    74.4   147.9   178.8   357.7   428.1   471.3   504.6   541.3   585.8   660.8   935.5  1729.7  4026.7  34892.4    35000
read      420.6   244.2    80.4   157.8   193.3   380.2   462.7   512.6   547.6   589.9   650.3   779.0  1252.8  2244.8  7341.1  39885.3    40000
read     1485.6   892.3    80.4   502.0  1123.3  1367.5  1442.9  1483.9  1536.2  1616.4  1814.5  2512.8  7567.6  9605.3 12912.0  44159.0    45000
read     1604.4   890.1   137.8  1204.7  1240.7  1383.4  1473.8  1552.0  1633.1  1777.6  2014.2  2603.0  7649.2  8466.8 12770.6  43465.2    50000
read     1651.5   918.4   137.8  1232.3  1285.0  1419.3  1492.6  1592.1  1703.9  1866.2  2095.7  2649.5  7704.6  9180.6 10905.4  42545.8    55000
read     1711.3   950.4   109.4  1247.5  1293.6  1455.5  1573.3  1698.7  1826.8  1988.9  2226.8  2713.6  7741.6  9081.8 12429.0  41158.6    60000
read     1763.1   966.0   374.7  1276.2  1305.1  1490.5  1679.7  1825.7  1932.3  2049.5  2232.8  2716.8  7766.8  9203.3 12489.8  40031.6    65000
read     1720.4   963.9   275.4  1260.3  1300.6  1470.4  1584.1  1687.7  1791.2  1949.9  2183.4  2748.7  7748.1  9508.5 12790.9  40960.8    70000
read     1720.8   947.2   236.1  1214.4  1277.8  1467.5  1603.2  1745.5  1869.9  2019.8  2239.7  2702.4  7738.0  9162.8 11817.2  40883.7    75000
read     1755.3   953.6   173.5  1283.9  1313.5  1496.9  1622.0  1747.4  1874.3  2021.1  2244.6  2754.3  7748.3  9271.3 12582.4  40119.8    80000
Warning! Detected max cpu usage > 95%
CPU Usage Stats (avg/min/max): 66.03%,1.01%,100.00%
