#type       avg     std     min      p5     p10     p50     p67     p75     p80     p85     p90     p95     p99    p999   p9999     QPS   target
read      276.6   210.8    93.8   188.7   199.9   252.6   277.1   292.9   305.3   319.9   341.1   380.4   812.0  2332.2  7838.6   4991.6     5000
read      342.6   339.8    93.8   174.7   200.5   300.4   346.7   373.5   394.1   419.1   453.0   510.8  1268.6  5405.2  8046.0  10038.6    10000
read      550.6  1030.4    93.8   170.3   203.6   358.1   427.4   467.9   499.7   541.6   613.6  1141.3  6038.1 11837.7 16139.6  14983.6    15000
read      580.7   940.4    86.8   169.9   208.3   395.9   483.6   536.1   579.2   640.1   769.2  1516.1  5486.9 11424.2 16027.8  20067.8    20000
read      526.4   633.5    86.8   172.8   217.0   415.2   506.4   560.6   602.8   658.9   742.4  1092.3  2760.8  7991.6 10374.0  25115.0    25000
read      758.5   919.4    86.8   191.9   246.2   512.5   671.9   796.7   947.5  1249.7  1521.6  1850.0  5420.3  9627.2 15475.9  29817.4    30000
read     1437.7  1033.4    93.8   372.9   509.7  1411.5  1558.0  1630.9  1691.6  1763.3  1985.3  2648.5  7650.3  8689.3 12620.0  35092.4    35000
read     2065.8  1085.2   109.4  1631.2  1665.7  1834.3  1888.7  1951.2  1990.3  2029.4  2162.1  3330.2  7905.7  9441.2 14868.2  34586.3    40000
read     2065.5  1032.6   187.4  1651.2  1702.4  1849.1  1911.4  1959.6  1989.7  2019.8  2110.2  2995.0  7893.8  9419.6 12654.9  34544.4    45000
read     2087.8  1140.1   202.4  1644.1  1682.1  1834.2  1881.6  1935.9  1974.5  2013.2  2130.3  3417.7  7949.5 10647.8 16056.5  34283.2    50000
read     2109.5  1043.9   236.1  1681.9  1751.1  1890.6  1966.6  2002.4  2024.8  2081.4  2178.2  3005.7  7911.1  9644.7 13440.8  33903.0    55000
read     2061.3  1103.2   187.4  1638.0  1672.5  1828.7  1876.5  1925.0  1967.1  2009.3  2106.3  3306.2  7933.9 10920.4 15039.0  34755.5    60000
read     1981.4  1065.2   127.6  1572.3  1627.0  1762.0  1828.1  1859.2  1878.6  1942.3  2032.9  3066.4  7897.2  9897.1 16029.9  35982.4    65000
read     1995.2  1070.8   321.2  1565.4  1621.7  1747.9  1823.1  1858.5  1880.7  1959.9  2106.4  3305.8  7896.9  9811.2 13448.1  35879.0    70000
read     2074.8  1041.3   202.4  1648.1  1701.6  1854.5  1924.3  1970.8  1999.9  2029.0  2147.1  2988.3  7895.2  9450.5 12796.6  34484.2    75000
read     2170.8  1093.3   346.9  1692.9  1753.5  1916.5  1994.1  2030.6  2095.6  2176.5  2368.3  3448.5  7933.4  9922.4 14158.3  32999.6    80000
Warning! Detected max cpu usage > 95%
CPU Usage Stats (avg/min/max): 66.26%,1.50%,100.00%
