#type       avg     std     min      p5     p10     p50     p67     p75     p80     p85     p90     p95     p99    p999   p9999     QPS   target
read      317.6   343.2   101.3   195.9   209.9   269.5   298.1   317.7   332.9   351.1   382.6   466.7  1319.4  5079.8 10681.4   4955.4     5000
read      363.8   373.0    93.8   176.2   203.7   308.8   357.0   385.8   406.3   433.7   471.8   554.6  1965.9  6391.5  8095.1   9945.4    10000
read      438.5   567.0    93.8   170.2   203.1   356.0   423.8   462.1   491.0   526.5   576.9   698.7  2508.3  8026.8 12616.9  15124.0    15000
read      497.7   728.2    93.8   165.8   201.1   381.6   463.7   510.5   546.5   592.9   668.0   909.9  3361.2  8665.9 17137.5  20002.2    20000
read      535.3   769.3    93.8   164.8   202.4   399.2   495.8   550.6   595.0   655.1   749.6  1276.7  3524.1 10594.8 15798.8  25033.0    25000
read      597.8   705.7    86.8   173.5   216.9   447.8   570.5   647.1   708.8   796.1  1005.2  1498.9  3401.1  8575.0 12433.9  30029.6    30000
read     1880.2  1152.2   101.3   560.8  1015.8  1763.6  1837.6  1872.4  1913.4  1985.9  2119.5  3238.8  7880.6  9832.9 15469.3  34555.5    35000
read     2123.3  1075.6   202.4  1670.4  1744.8  1881.6  1963.5  2003.0  2027.7  2106.5  2250.7  3415.1  7911.8  9760.2 16737.0  33544.8    40000
read     2079.3  1090.2   255.0  1645.9  1684.3  1835.6  1883.1  1942.5  1982.9  2023.3  2173.5  3307.2  7923.0 10128.6 15770.3  34295.6    45000
read     2110.4  1265.9   187.4  1629.9  1659.5  1821.8  1872.5  1920.8  1970.4  2020.0  2208.0  3549.3  8051.7 14342.9 18508.0  34012.6    50000
read     2093.6  1066.4   148.8  1656.4  1706.0  1850.7  1919.2  1973.6  2007.6  2057.1  2204.8  3379.0  7903.5  9602.2 14277.8  34109.3    55000
read     1946.2  1020.7   148.8  1547.4  1611.2  1725.9  1793.9  1833.5  1858.2  1883.0  1999.3  3126.8  7859.4  9400.3 12481.6  36523.2    60000
read     2006.5  1088.9   118.1  1610.3  1635.2  1785.3  1845.8  1874.3  1908.6  1974.3  2050.8  3139.7  7921.6 11303.5 15050.5  35584.2    65000
read     1844.9   997.3   275.4  1498.3  1514.2  1641.8  1697.5  1723.7  1740.1  1798.2  1881.2  3021.3  7832.6  9690.6 14021.7  38437.2    70000
read     2011.4  1064.5   173.5  1630.3  1651.0  1796.7  1847.0  1870.6  1885.4  1953.4  2023.4  3157.1  7909.5 10239.7 14662.7  35535.2    75000
read     1871.1   979.1   275.4  1512.8  1536.2  1676.0  1720.2  1741.0  1778.4  1832.6  1889.7  3020.7  7826.3  9105.2 12239.3  37899.8    80000
Warning! Detected max cpu usage > 95%
CPU Usage Stats (avg/min/max): 66.16%,0.50%,100.00%
