#type       avg     std     min      p5     p10     p50     p67     p75     p80     p85     p90     p95     p99    p999   p9999     QPS   target
read      303.7   267.4   101.3   197.0   210.5   269.8   296.6   314.5   328.1   344.8   371.5   427.3  1138.1  3863.0  8049.2   4983.0     5000
read      501.6  1056.8    93.8   179.4   205.3   308.9   360.1   391.8   417.0   451.4   508.2   990.6  6612.2 12449.7 17286.3   9948.6    10000
read      407.0   441.6    93.8   170.3   202.9   355.3   418.2   453.3   478.9   509.3   551.8   636.2  1659.9  7624.6 10062.1  15027.6    15000
read      483.4   682.0    86.8   163.9   198.0   372.4   455.7   502.9   538.5   583.5   656.2   913.0  2944.3  8459.2 15031.6  20037.6    20000
read      542.2   605.7    86.8   174.3   219.2   427.3   526.3   584.9   632.4   692.9   800.3  1222.9  2896.2  7976.5  9761.7  24937.4    25000
read      680.9   632.3    93.8   210.9   268.7   534.1   675.4   770.5   852.5   981.4  1244.7  1594.3  2806.2  7930.5 10012.4  29937.0    30000
read     2122.9  1163.3   127.6  1644.5  1694.8  1862.8  1943.1  1988.6  2017.0  2077.9  2236.0  3470.3  7966.5 11616.5 16095.8  33579.0    35000
read     2076.0  1044.1   148.8  1648.5  1706.0  1857.7  1929.9  1975.1  2003.4  2031.7  2159.4  3034.8  7897.3  9862.5 15037.7  34342.2    40000
read     1991.6  1079.1   218.6  1549.2  1617.5  1736.9  1813.7  1852.6  1876.9  1955.3  2129.6  3315.9  7885.0  9785.0 15080.6  35715.8    45000
read     2081.0  1034.7   160.7  1662.4  1743.8  1862.3  1933.9  1977.1  2004.1  2031.1  2147.7  3029.4  7897.9  9654.4 12292.9  34323.8    50000
read     2120.6  1118.6   187.4  1689.8  1751.3  1869.9  1946.6  1988.4  2014.6  2054.9  2175.9  3334.6  7960.8 10012.2 16034.6  33776.8    55000
read     2035.2  1056.2   202.4  1636.7  1666.6  1820.8  1868.3  1901.2  1946.1  1991.0  2035.9  2938.3  7909.4  9743.4 14648.7  35222.6    60000
read     1939.0   983.8   218.6  1579.5  1625.4  1732.5  1798.7  1834.0  1856.0  1878.1  1984.0  2718.1  7846.9  9013.7 10994.9  36674.0    65000
read     1907.9  1010.6   202.4  1524.7  1563.8  1701.1  1744.2  1794.3  1827.7  1861.1  1936.9  3034.8  7860.0  9614.7 14027.0  37301.8    70000
read     1969.9  1034.9   118.1  1585.0  1627.0  1741.8  1810.2  1843.4  1864.1  1884.8  2002.8  3208.6  7873.0  9408.0 11949.4  36261.6    75000
read     1943.5  1013.5   127.6  1551.9  1621.0  1731.7  1798.5  1834.1  1856.3  1878.5  1974.7  3102.8  7859.0  9273.4 12705.0  36644.0    80000
Warning! Detected max cpu usage > 95%
CPU Usage Stats (avg/min/max): 66.03%,1.00%,100.00%
