#type       avg     std     min      p5     p10     p50     p67     p75     p80     p85     p90     p95     p99    p999   p9999     QPS   target
read      285.5   206.0   101.3   190.0   202.9   256.2   282.7   299.3   313.3   330.2   354.3   403.6  1118.0  2303.0  7467.0   4992.4     5000
read      368.8   469.2    93.8   176.8   204.0   305.4   351.7   379.5   400.4   427.0   462.8   535.7  2210.9  7686.3  8787.4  10062.2    10000
read      429.9   550.3    93.8   169.0   201.9   354.2   416.7   452.8   479.4   512.1   560.5   670.1  2584.3  7686.2 11774.6  14915.6    15000
read      479.4   596.1    86.8   169.0   205.5   380.1   458.6   504.2   539.0   585.0   659.2   871.6  2605.5  7859.5  9661.9  20009.2    20000
read      544.5   629.0    93.8   178.3   227.5   430.1   522.2   577.4   622.6   680.5   773.6  1256.1  2685.1  8123.7 14468.5  25069.0    25000
read      660.3   733.1    86.8   192.5   248.8   492.0   618.3   700.9   776.9   905.5  1271.0  1671.9  3154.0  8239.7 13950.6  29992.0    30000
read      965.5   903.7    86.8   244.3   309.0   733.7  1062.6  1333.2  1470.1  1578.0  1683.0  1876.0  5039.6  8293.6 14957.1  34966.6    35000
read     1962.9  1021.5   202.4  1570.2  1626.9  1746.5  1815.8  1848.4  1868.8  1904.9  2022.9  3184.4  7861.3  9325.7 13769.3  36087.8    40000
read     1930.2  1051.7   148.8  1530.5  1575.3  1699.8  1739.7  1788.7  1829.5  1870.4  2006.4  3136.7  7874.1  9543.7 14864.1  36880.0    45000
read     1976.9  1026.4   173.5  1621.0  1637.9  1771.6  1826.5  1852.3  1868.4  1884.5  1994.9  3056.3  7880.1  9610.2 13557.3  36066.6    50000
read     1910.9  1062.3   160.7  1505.3  1530.0  1682.1  1731.5  1773.0  1818.6  1864.1  2001.5  3160.9  7885.8  9878.9 15585.8  37210.6    55000
read     2048.7  1143.8   275.4  1617.2  1636.1  1790.0  1857.8  1897.4  1959.3  2021.1  2184.3  3372.1  7931.9 11003.3 17121.7  34916.6    60000
read     2084.2  1081.6   173.5  1648.6  1690.5  1845.1  1907.8  1962.0  1995.9  2029.7  2166.2  3306.6  7926.9  9698.5 15374.0  34360.0    65000
read     1958.9  1027.7   297.4  1556.4  1621.1  1735.6  1809.0  1846.8  1870.4  1922.5  2029.6  2994.5  7869.4  9524.9 12658.3  36459.2    70000
read     2101.1  1085.6   173.5  1648.4  1691.7  1851.4  1925.3  1978.3  2011.4  2069.6  2230.7  3243.7  7921.5  9774.9 13526.4  34091.2    75000
read     1923.4  1020.5   275.4  1516.1  1554.1  1702.5  1751.6  1807.5  1842.4  1877.3  2019.4  3105.2  7854.3  9668.9 12894.8  37010.8    80000
Warning! Detected max cpu usage > 95%
CPU Usage Stats (avg/min/max): 66.16%,1.50%,100.00%
