#type       avg     std     min      p5     p10     p50     p67     p75     p80     p85     p90     p95     p99    p999   p9999     QPS   target
read      293.5   253.2   101.3   191.6   204.5   261.5   288.7   305.7   318.4   336.1   361.5   412.4  1103.9  2549.2  8026.7   4985.0     5000
read      343.6   276.6   101.3   175.7   204.1   310.1   357.6   384.7   404.0   429.4   462.7   521.3  1098.5  4083.3  7980.3   9906.6    10000
read      438.7   697.0    93.8   169.0   200.9   348.7   415.3   452.6   479.5   512.5   561.2   678.4  2316.3  8771.3 15907.2  15060.2    15000
read      523.8   777.7    93.8   170.7   210.6   395.8   476.3   524.7   561.3   610.3   684.6   995.8  3706.4  9719.3 15947.7  20027.2    20000
read      774.0  1141.1    86.8   173.9   218.2   447.8   577.3   677.0   789.0  1174.7  1683.8  2301.3  7066.1 10277.1 15899.8  25053.0    25000
read      730.1   840.0    86.8   201.1   258.0   518.4   662.1   763.6   864.6  1080.6  1516.5  1826.0  4158.0  9136.4 15487.6  29872.4    30000
read     1636.7  1166.3    93.8   415.7   590.2  1626.4  1731.2  1796.4  1841.4  1887.8  2054.1  2866.2  7828.8 10470.1 15700.8  34676.6    35000
read     2061.6  1074.0   202.4  1638.3  1673.7  1832.4  1881.7  1937.0  1976.2  2015.4  2121.0  3299.5  7915.5  9632.9 13811.5  34664.0    40000
read     2064.0  1059.8   127.6  1643.0  1679.1  1836.8  1888.5  1949.2  1987.1  2025.0  2144.4  2985.1  7909.3  9774.3 13676.9  34634.6    45000
read     2034.0  1042.4   255.0  1630.0  1663.9  1827.2  1876.6  1922.2  1959.9  1997.6  2035.3  2956.0  7894.4  9898.3 14872.4  35035.4    50000
read     2044.4  1052.7   236.1  1627.4  1654.9  1822.7  1878.2  1932.4  1973.7  2015.0  2125.6  3168.6  7899.2  9734.5 14511.9  34973.8    55000
read     2118.4  1100.6   202.4  1671.9  1742.6  1872.4  1948.6  1987.9  2012.5  2038.4  2170.0  3372.0  7942.1 10013.3 15197.8  33814.3    60000
read     1969.2  1083.8   202.4  1521.4  1559.3  1721.6  1799.8  1845.5  1874.0  1948.8  2091.9  3228.2  7894.5  9887.4 14892.3  36166.8    65000
read     2149.3  1109.6   236.1  1672.4  1746.9  1891.3  1973.4  2012.0  2036.2  2133.9  2305.4  3516.7  7943.2  9816.0 15576.2  33274.2    70000
read     2030.7  1049.3   297.4  1622.3  1647.2  1812.7  1868.8  1913.1  1961.8  2010.5  2129.7  3041.1  7903.9  9786.7 12819.7  35216.0    75000
read     2016.1  1013.4   236.1  1626.7  1649.7  1809.7  1866.4  1906.4  1954.3  2002.2  2100.3  2860.1  7880.4  9620.3 13108.4  35390.8    80000
Warning! Detected max cpu usage > 95%
CPU Usage Stats (avg/min/max): 66.23%,0.50%,100.00%
