read      211.9    85.1    86.8   147.0   158.3   204.4   223.3   234.0   243.0   252.9   267.5   289.8   352.6  1140.3  5986.0   4964.0     5000  1778156672314  1778156674568
read      249.7   129.5    80.4   142.6   161.7   245.8   273.5   289.4   300.3   313.5   329.9   355.4   420.9  1126.4  7689.7  14910.5    15000  1778156676072  1778156678314
read      273.7   101.0    80.4   132.8   151.8   275.0   313.7   333.7   347.0   364.1   384.8   416.7   486.5   608.6  2368.8  25196.0    25000  1778156679818  1778156682019
read      285.0   137.0    74.4   129.6   146.7   280.3   331.1   356.7   374.0   395.4   422.2   462.6   547.8   838.6  4748.1  35121.5    35000  1778156683523  1778156685724
read      285.7   117.1    80.4   127.9   144.4   275.7   334.5   365.2   386.6   411.0   440.9   485.6   575.0   712.7  2067.7  45265.9    45000  1778156687228  1778156689428
read      297.6   136.3    74.4   129.0   147.5   280.3   342.1   377.7   402.9   432.5   468.0   521.0   627.4   989.3  2865.9  55029.0    55000  1778156690932  1778156693134
read      307.4   149.3    74.4   133.1   152.9   285.8   351.5   389.5   417.0   449.2   488.7   545.8   671.4   951.1  4253.5  64875.5    65000  1778156694638  1778156696838
read      664.9   360.7    80.4   208.6   269.9   667.7   743.7   781.6   806.0   855.7  1061.3  1382.6  1582.2  2387.9  7469.5  74404.0    75000  1778156698343  1778156700543
read      847.3   353.9   137.8   609.8   646.4   746.1   790.9   819.8   860.2  1197.6  1383.4  1473.5  1609.9  6934.6  7950.9  77171.5    85000  1778156702047  1778156704247
read      814.2   368.7   109.4   547.7   584.1   709.6   767.7   814.5   939.5  1200.2  1302.9  1407.7  1590.2  7012.6  8013.8  80594.7    95000  1778156705751  1778156707953
read      801.4   360.1   109.4   536.8   572.1   695.5   747.9   805.4   964.8  1179.9  1282.5  1378.6  1572.6  7035.9  8247.5  81684.0   105000  1778156709458  1778156711660
read      827.8   366.7   127.6   578.6   612.5   722.0   769.0   803.5   871.0  1225.2  1341.8  1439.4  1586.2  7057.7  8867.5  79512.5   115000  1778156713166  1778156715367
read      844.4   361.6   109.4   601.2   637.2   742.8   789.1   818.3   862.7  1211.6  1369.8  1471.9  1610.8  7082.7  7941.9  77902.0   125000  1778156716872  1778156719074