#type       avg     std     min      p5     p10     p50     p67     p75     p80     p85     p90     p95     p99    p999   p9999     QPS   target
read      228.2    99.1    93.8   151.7   165.4   218.7   242.4   255.7   266.3   277.8   295.0   328.5   415.6   659.0  3112.1   5002.8     5000
read      264.5   122.0    86.8   143.8   168.6   256.2   287.4   306.2   320.2   337.4   360.5   401.5   511.1   743.9  6224.0   9982.2    10000
read      299.8   147.3    80.4   136.7   163.8   292.1   332.7   355.5   373.0   395.7   426.3   475.2   614.4  1078.4  3990.1  15081.6    15000
read      325.4   151.0    80.4   144.3   170.2   313.1   362.7   392.5   414.8   441.4   478.2   536.5   701.6  1552.8  4174.1  20111.8    20000
read      340.7   170.2    80.4   144.2   169.9   323.1   380.9   415.2   440.6   471.0   511.2   574.9   754.4  1718.4  3987.5  25019.0    25000
read      386.1   228.2    80.4   147.9   178.4   347.9   423.6   468.7   502.1   541.7   594.5   711.8  1187.5  2016.6  7350.6  29970.0    30000
read     2168.0  1113.0    80.4  1344.5  1467.4  2011.3  2153.0  2231.8  2304.4  2379.4  2616.1  3358.9  7910.3  9614.8 12904.6  32353.2    35000
read     2140.3  1077.7    86.8  1397.8  1502.1  1964.9  2095.9  2162.4  2210.3  2313.8  2490.5  3273.1  7913.0  9823.5 13579.3  33305.0    40000
read     2211.6  1077.9   160.7  1444.6  1547.6  2031.7  2159.5  2241.0  2319.8  2426.9  2635.2  3325.8  7914.3  9543.2 12022.2  32285.0    45000
read     2173.7  1084.3   218.6  1407.1  1509.2  1988.1  2128.5  2196.6  2281.6  2370.2  2564.1  3348.4  7911.2  9593.4 13360.2  32839.0    50000
read     2063.2  1046.5   218.6  1355.3  1447.9  1919.8  2026.3  2092.6  2136.8  2180.9  2300.8  3025.1  7888.0  9352.9 13060.7  34597.4    55000
read     2075.2  1076.0   187.4  1344.3  1437.8  1922.8  2030.8  2104.0  2151.6  2199.2  2350.8  3189.1  7903.0 10028.7 14668.4  34396.6    60000
read     2204.4  1071.4   137.8  1454.3  1557.3  2035.3  2153.4  2218.2  2289.2  2360.3  2543.3  3316.6  7908.5  9310.0 12772.7  32393.8    65000
read     2159.1  1067.7   127.6  1432.4  1530.9  1986.1  2114.5  2174.5  2228.4  2316.6  2462.3  3263.0  7899.1  9713.5 13587.7  33093.8    70000
read     2182.1  1095.8   173.5  1455.9  1552.4  1981.9  2114.9  2180.6  2254.2  2356.4  2594.1  3271.3  7918.9 10005.6 14881.3  32794.2    75000
read     2180.0  1085.1   148.8  1429.4  1528.0  2015.5  2138.5  2194.2  2264.9  2342.5  2505.9  3267.4  7918.1  9964.8 14398.7  32777.0    80000
Warning! Detected max cpu usage > 95%
CPU Usage Stats (avg/min/max): 66.73%,1.01%,100.00%
