#type       avg     std     min      p5     p10     p50     p67     p75     p80     p85     p90     p95     p99    p999   p9999     QPS   target
read      235.3    78.2    86.8   153.5   168.7   226.7   250.8   264.8   274.3   288.0   306.4   339.3   426.8   904.4  3114.5   4982.8     5000
read      288.6   139.9    80.4   153.8   178.2   275.4   311.9   333.3   347.7   369.8   399.4   454.8   589.3  1548.3  7539.0   9973.0    10000
read      304.4   127.9    80.4   144.4   171.0   294.4   337.3   361.4   379.8   402.0   432.9   485.8   631.4  1197.7  3056.9  14928.0    15000
read      337.0   176.5    80.4   145.4   170.9   320.4   372.9   404.2   428.9   458.2   497.8   563.8   769.4  2304.7  5536.5  20056.4    20000
read      340.7   145.1    80.4   145.9   171.5   325.7   383.5   418.3   444.6   476.0   516.7   579.4   746.5  1269.6  2287.7  25004.0    25000
read      362.0   189.8    80.4   148.2   174.9   337.2   403.5   444.6   474.3   509.0   551.9   626.5   854.5  1990.0  4035.1  29937.8    30000
read     2082.9  1088.9    86.8  1325.7  1458.4  1937.7  2083.8  2151.8  2194.3  2281.5  2375.3  3209.1  7892.1  9714.4 14272.2  33367.2    35000
read     2308.3  1093.5   202.4  1506.4  1618.1  2111.1  2257.4  2340.8  2417.4  2544.0  2780.3  3528.7  7921.8  9191.0 10790.7  30955.8    40000
read     2191.2  1072.8   187.4  1442.4  1544.3  2006.1  2131.4  2189.2  2264.8  2356.9  2587.4  3445.4  7901.2  9404.4 12075.2  32543.8    45000
read     2203.1  1081.0   173.5  1423.9  1527.5  2014.2  2153.1  2234.3  2310.7  2404.8  2630.7  3431.9  7907.7  9315.4 11063.6  32422.6    50000
read     2283.1  1107.3   148.8  1461.8  1570.5  2063.4  2211.2  2325.8  2421.3  2576.6  2881.6  3685.5  7918.0  9515.2 12640.4  31211.7    55000
read     2172.1  1081.6   187.4  1405.6  1511.0  1995.7  2127.0  2187.3  2260.9  2352.4  2552.5  3337.3  7905.1  9802.2 14162.0  32855.2    60000
read     2162.1  1061.9   187.4  1404.2  1504.3  2012.1  2131.8  2184.9  2243.4  2322.7  2471.7  3277.3  7900.0  9334.3 11390.3  32988.6    65000
read     2073.9  1978.0   202.4  1265.0  1401.1  1878.1  2029.4  2119.8  2177.7  2277.7  2449.9  3133.4  7888.7  9912.8 106967.5  34572.4    70000
read     2221.2  1088.6   127.6  1457.1  1563.4  2034.8  2160.7  2240.6  2315.9  2415.6  2645.9  3383.5  7923.2  9744.9 12907.3  32195.6    75000
read     2235.6  1087.9   187.4  1449.8  1557.3  2050.1  2175.3  2266.7  2338.1  2454.5  2674.4  3460.1  7911.0  9402.5 12797.2  31968.2    80000
Warning! Detected max cpu usage > 95%
CPU Usage Stats (avg/min/max): 66.66%,1.00%,100.00%
