#type       avg     std     min      p5     p10     p50     p67     p75     p80     p85     p90     p95     p99    p999   p9999     QPS   target
read      247.8   900.0    86.8   154.6   168.6   219.7   243.0   256.1   266.5   277.8   294.6   327.6   423.6  1927.9 52277.2   5033.2     5000
read      271.0    92.2    86.8   146.5   173.3   264.6   296.0   315.7   329.7   344.8   368.7   407.5   507.9   789.3  2765.2  10057.2    10000
read      285.9   110.4    80.4   136.3   161.7   280.8   320.0   341.0   356.8   374.8   402.3   445.5   539.5  1099.0  3911.9  15059.0    15000
read      315.5   143.6    80.4   143.1   165.9   303.3   352.1   381.2   402.3   429.1   463.2   517.7   672.8  1553.6  3361.4  20007.0    20000
read      350.8   190.1    80.4   146.4   172.2   328.3   388.7   424.6   451.6   484.4   527.6   598.8   865.3  2217.7  5754.8  25027.8    25000
read      584.2   742.1    80.4   152.0   185.8   373.9   471.5   538.7   601.0   743.3  1378.4  1965.7  3101.3  8110.7 14264.3  30045.6    30000
read     2084.1  1137.4    80.4   588.2  1415.2  1978.4  2120.9  2187.5  2261.5  2349.1  2524.5  3179.3  7898.8  9672.9 12655.7  32682.6    35000
read     2186.8  1089.9    93.8  1426.5  1531.7  2023.9  2148.6  2212.5  2285.4  2358.2  2537.2  3303.0  7913.2  9410.7 12653.6  32577.9    40000
read     2162.6  1103.5   101.3  1341.5  1451.7  2000.9  2131.3  2189.6  2266.1  2358.3  2560.5  3395.7  7919.0  9944.9 13632.5  33028.6    45000
read     2274.3  1111.4   137.8  1471.1  1582.2  2076.6  2215.3  2317.2  2387.7  2536.1  2752.6  3412.2  7938.5  9931.8 14455.8  31470.2    50000
read     2138.2  1066.6   202.4  1410.4  1509.3  1968.1  2095.4  2157.1  2195.6  2291.3  2426.7  3247.0  7903.7  9155.4 11807.0  33434.8    55000
read     2163.9  1069.5   160.7  1407.2  1508.5  2002.1  2129.2  2186.0  2250.3  2332.8  2492.1  3280.5  7906.1  9450.9 12267.9  32961.8    60000
read     2231.1  1058.1   187.4  1506.7  1606.6  2062.9  2174.9  2250.3  2310.3  2370.2  2546.8  3299.9  7899.8  9026.5 12812.2  31950.2    65000
read     2332.6  1120.2   202.4  1451.4  1578.0  2102.9  2304.1  2446.9  2561.1  2718.8  2939.8  3538.1  7929.5  9896.9 13826.3  30615.0    70000
read     2294.1  1104.6   148.8  1452.0  1567.6  2063.7  2238.7  2363.0  2493.0  2662.7  2909.5  3549.5  7920.4  9324.3 12263.1  31101.8    75000
read     2236.5  1100.1   187.4  1412.5  1528.6  2053.3  2185.6  2286.7  2357.0  2486.7  2720.2  3425.2  7922.9  9552.8 12918.3  31975.8    80000
Warning! Detected max cpu usage > 95%
CPU Usage Stats (avg/min/max): 66.46%,0.50%,100.00%
