#type       avg     std     min      p5     p10     p50     p67     p75     p80     p85     p90     p95     p99    p999   p9999     QPS   target
read      225.0    62.2    86.8   151.8   166.7   218.2   239.5   252.0   261.8   272.6   289.1   316.0   380.9   615.9  2001.7   4930.6     5000
read      266.2   258.4    80.4   146.8   169.0   252.4   281.8   297.6   312.1   328.0   346.3   382.5   474.2  4497.0  9623.5   9946.6    10000
read      292.5   111.1    80.4   139.3   165.7   285.1   325.6   346.3   364.2   385.4   413.9   461.9   592.7  1024.6  1608.1  15022.6    15000
read      320.5   170.3    80.4   141.5   166.7   307.4   356.8   386.4   407.5   434.3   468.9   525.2   675.9  2025.2  3226.7  20091.6    20000
read      336.7   164.2    80.4   143.9   167.8   320.0   378.6   412.7   437.4   467.4   505.9   567.0   751.5  1678.8  4233.7  25024.8    25000
read      385.9   272.7    80.4   148.3   177.4   343.6   415.4   458.7   490.8   529.1   579.2   680.7  1443.2  3091.6  7884.4  29970.6    30000
read     2085.9  1074.1    93.8  1332.8  1457.6  1970.4  2103.3  2162.8  2200.2  2288.7  2380.8  3035.7  7881.6  9334.5 12306.2  33292.4    35000
read     2114.5  1061.3   101.3  1387.8  1486.3  1986.3  2108.9  2160.7  2193.1  2266.0  2349.3  3085.3  7894.3  9672.4 12726.2  33511.4    40000
read     2083.5  1047.3   118.1  1346.9  1444.0  1948.2  2075.2  2132.2  2167.8  2211.6  2325.9  3148.1  7886.0  9693.9 11840.4  34144.0    45000
read     2105.0  1055.3   187.4  1375.4  1470.4  1963.2  2087.2  2142.0  2176.2  2232.9  2338.8  3157.8  7897.9  9702.7 11890.4  33861.8    50000
read     2136.1  1048.2   275.4  1418.2  1510.6  1983.7  2112.3  2169.1  2210.4  2288.9  2367.5  3134.6  7893.7  9422.7 11657.7  33402.8    55000
read     2149.2  1054.0   187.4  1461.6  1553.8  1989.4  2111.2  2166.3  2202.0  2282.8  2363.6  3005.9  7907.2  9662.0 12875.8  33256.4    60000
read     2106.5  1060.7   173.5  1401.0  1491.5  1953.0  2077.3  2135.4  2171.8  2224.9  2333.9  3186.4  7900.2  9857.5 13178.0  33910.4    65000
read     2169.7  1095.0   218.6  1422.2  1517.2  2011.4  2131.5  2184.6  2237.9  2307.8  2385.5  3369.2  7922.3  9440.7 14270.3  33091.0    70000
read     2105.6  1062.4   346.9  1369.0  1462.6  1964.9  2093.0  2147.4  2181.5  2246.2  2346.9  3090.1  7896.0  9690.2 14663.0  33926.0    75000
read     2146.2  1085.1   218.6  1441.4  1538.1  1972.5  2100.6  2165.2  2212.4  2300.8  2419.4  3078.6  7912.5 10205.9 15953.9  33248.8    80000
Warning! Detected max cpu usage > 95%
CPU Usage Stats (avg/min/max): 66.16%,0.50%,100.00%
