#type       avg     std     min      p5     p10     p50     p67     p75     p80     p85     p90     p95     p99    p999   p9999     QPS   target
read      244.3    88.6    80.4   155.5   172.9   232.1   258.8   273.9   286.4   301.1   324.5   368.0   470.8   995.2  2749.7   5040.4     5000
read      275.2   105.6    86.8   149.7   175.0   267.8   300.2   319.5   334.3   351.0   374.7   417.7   528.9   775.3  3829.9  10013.0    10000
read      295.8   138.4    80.4   140.1   165.4   288.8   329.0   351.5   368.4   389.6   417.7   462.9   577.4  1461.5  4226.4  15049.8    15000
read      317.0   121.9    80.4   141.0   167.2   310.1   358.1   386.2   406.4   432.0   465.1   516.9   633.6   865.4  2569.5  19963.8    20000
read      355.8   210.5    86.8   149.2   174.3   329.4   391.3   428.9   457.2   491.3   535.6   614.9   918.6  2424.7  7731.5  24991.6    25000
read      417.0   323.6    74.4   151.0   181.9   356.8   436.3   484.9   521.6   567.9   642.2   823.0  1644.3  3147.4  8048.5  30033.0    30000
read     1838.3  1193.3    80.4   276.9   381.2  1919.8  2097.5  2166.9  2218.2  2294.7  2371.2  2736.8  7836.4  9253.2 11701.7  32972.6    35000
read     2162.6  1088.2   109.4  1410.6  1515.1  2008.2  2130.5  2185.1  2245.7  2326.3  2473.9  3193.8  7912.3  9936.0 15899.9  32916.7    40000
read     2062.2  1066.6   118.1  1294.1  1399.7  1879.7  2029.6  2126.6  2189.1  2301.7  2496.3  3166.0  7881.0  9560.8 12426.4  34460.2    45000
read     2144.8  1082.5   109.4  1379.1  1480.7  1974.5  2110.1  2175.1  2236.4  2329.5  2497.4  3276.1  7905.3  9465.8 13510.6  33336.6    50000
read     2214.0  1085.4   148.8  1437.9  1543.3  2057.7  2174.0  2248.3  2305.7  2363.0  2531.7  3393.3  7921.2  9847.0 12632.6  32288.0    55000
read     2197.7  1065.5   148.8  1460.2  1563.9  2028.0  2150.8  2215.5  2285.0  2354.4  2525.8  3277.3  7906.2  9271.7 12473.2  32476.8    60000
read     2168.7  1083.8   202.4  1425.3  1526.3  2002.9  2128.1  2184.2  2244.6  2325.0  2475.2  3279.3  7928.8 10127.3 13616.8  32933.0    65000
read     2157.3  1068.0   374.7  1451.7  1551.0  1989.5  2112.2  2167.6  2205.9  2291.3  2379.6  3155.6  7916.6  9742.1 13270.0  33200.6    70000
read     2137.4  1058.6   160.7  1423.3  1518.6  1975.7  2098.0  2155.5  2191.4  2279.1  2398.9  3151.5  7902.3  9918.1 13258.1  33363.0    75000
read     2036.8  1042.4   118.1  1312.0  1409.3  1867.5  2016.3  2097.9  2151.7  2214.3  2350.4  3053.8  7869.7  9176.9 12252.1  34974.2    80000
Warning! Detected max cpu usage > 95%
CPU Usage Stats (avg/min/max): 66.53%,1.01%,100.00%
