Timestamp start: 1778605687891
Timestamp end: 1778607488198

#type       avg     std     min      p5     p10     p50     p67     p75     p80     p85     p90     p95     p99    p999   p9999      QPS   target
read      248.5   128.8   101.3   166.7   182.9   243.3   263.7   274.2   283.2   292.7   306.5   328.1   388.1  1171.9  5081.7   6916.1     6927
read      285.1   134.3    86.8   136.9   150.4   271.7   326.5   356.6   378.1   403.3   435.7   487.2   599.7  1148.5  3178.8  52903.2    52892
read      298.6   218.1    80.4   143.1   158.5   263.3   318.8   348.8   371.1   398.2   435.8   516.4   964.1  3116.6  6558.9  98882.6    98921
read      290.1   152.5    86.8   136.1   149.7   268.4   327.9   360.9   385.4   415.3   455.5   518.8   689.8  1504.7  3859.6  61174.9    61129
read      284.2   125.3    86.8   141.0   155.4   278.0   325.7   350.7   368.7   390.0   416.5   457.4   548.3  1001.6  3489.8  40705.3    40613
read      287.8   131.4    80.4   136.6   150.2   273.8   329.7   360.6   383.1   409.3   443.4   495.7   620.2  1136.1  2888.6  53242.1    53226
read      288.1   119.3    86.8   143.4   158.2   282.7   330.3   355.4   372.7   393.9   420.5   461.2   553.5  1056.5  2790.0  38609.9    38560
read      296.1   227.9    86.8   144.2   160.2   265.8   319.1   348.1   369.7   395.5   430.1   492.9   791.5  3371.3  7627.7 103520.7   103465
read      287.3   181.6    86.8   143.5   159.1   263.0   316.0   344.4   365.4   390.0   422.6   477.9   690.1  2783.2  6101.2 104734.7   104758
read      277.5   156.0    86.8   140.2   154.5   254.1   308.9   337.5   358.0   381.6   412.0   462.7   649.3  1974.5  4003.1  94846.3    94759
read      289.1   114.7    86.8   148.1   163.4   285.3   330.4   354.0   370.3   390.2   414.9   454.1   541.1   952.0  3048.3  37739.1    37799
read      251.7   102.3   101.3   168.7   185.9   247.2   268.2   279.5   288.3   297.1   312.1   334.4   391.5  1154.3  5232.8   8329.5     8296
read      293.5   173.6    86.8   132.9   146.2   262.4   325.5   362.8   391.8   427.6   473.9   546.1   764.5  2052.9  3927.4  69418.7    69443
read      259.6    80.8   101.3   164.9   183.5   257.5   281.1   293.8   303.5   314.7   329.5   352.3   404.3   940.6  3078.2  12525.9    12517
read      284.2   126.7    86.8   139.2   153.1   276.4   326.2   352.8   371.8   394.5   423.1   466.0   567.9  1018.4  3060.2  43663.3    43591
read      275.7    85.4    86.8   157.1   175.2   275.5   306.3   321.7   334.3   346.8   366.0   394.2   457.9   742.7  2348.9  20496.0    20430
read      285.1   173.9    86.8   140.6   154.9   257.4   312.9   342.4   363.9   389.4   423.6   486.5   788.8  2179.3  4207.3  93669.4    93758
read      262.3   102.5   101.3   169.0   187.8   258.4   282.4   295.0   305.1   316.2   331.8   356.2   420.4  1012.6  5023.5  10555.5    10485
read      264.4    78.8    93.8   156.4   175.7   262.7   289.5   304.1   314.5   327.1   343.4   370.8   436.9   749.2  2627.9  16588.8    16518
read      301.7   192.1    86.8   143.9   159.5   273.7   329.4   359.3   381.1   407.4   446.8   525.5   885.9  2333.2  5963.5  83170.7    83230
read      253.0   122.0   109.4   173.2   188.3   244.3   265.2   275.9   285.8   295.8   312.0   338.4   424.6  1338.2  5484.4   5511.9     5484
read      314.6   172.1    86.8   142.1   157.0   289.0   349.1   385.8   414.1   449.7   496.9   574.5   801.1  1744.4  4488.4  55559.2    55611
read      283.9   101.6   101.3   156.4   175.3   281.4   314.1   332.1   344.5   361.0   381.1   414.0   497.4   867.1  3847.9  20794.3    20774
read      301.6   215.0    86.8   146.0   161.9   273.0   327.1   356.4   377.5   403.1   439.3   506.1   822.7  2951.2  6852.1  96781.7    96726
read      291.9   113.9    93.8   147.6   163.2   287.5   330.2   353.1   369.7   390.1   416.1   458.3   559.5  1016.3  2996.1  32491.1    32442
read      288.2   164.7    86.8   138.7   152.0   260.4   318.8   349.4   371.8   399.6   440.0   524.8   785.2  1776.2  4517.3  73028.6    73039
read      273.8   125.1    86.8   139.4   152.8   257.9   313.8   340.8   359.6   380.7   407.1   452.8   585.3  1178.2  3280.8  73955.1    74055
read      296.8   150.5    86.8   139.0   152.5   279.5   334.7   366.1   390.1   420.1   460.1   522.5   689.3  1483.6  3993.1  51296.1    51197
read      308.3   174.8    86.8   139.5   153.3   280.7   342.2   379.4   408.1   445.1   493.2   569.8   787.6  1811.9  4767.0  59373.1    59442
read      292.9   218.4    93.8   144.7   159.7   285.6   330.7   355.5   373.3   395.9   425.1   469.5   579.1  1032.7  4365.3  35726.4    35654
read      281.2   165.9    86.8   139.5   153.1   257.6   314.4   342.9   363.4   387.2   418.7   472.6   709.7  2139.5  5046.3  78647.3    78747
read      301.3   132.7    86.8   148.7   164.1   290.1   341.3   369.4   390.2   414.6   447.1   498.9   629.3  1257.8  3049.9  42267.3    42212
read      303.8   307.6    86.8   141.8   156.0   282.7   341.6   375.2   400.7   431.7   471.3   535.0   703.0  1604.5  3998.6  52440.9    52488
read      300.0   126.5    93.8   150.4   165.5   292.2   340.9   367.7   387.1   408.9   436.8   483.2   589.5  1179.4  3252.4  36862.9    36950
read      283.5    96.0   101.3   168.0   187.5   281.5   311.0   326.9   338.6   352.0   369.6   397.5   464.8   957.2  3827.0  16775.6    16762
read      286.7   171.4    86.8   140.0   153.9   257.9   315.9   345.7   367.7   393.9   429.1   498.0   835.5  1980.4  4949.1  79471.9    79473
read      303.2   175.4    86.8   140.1   153.9   273.8   336.3   372.3   400.1   435.3   483.6   558.8   772.6  1998.2  4764.8  61505.5    61431
read      290.8   182.1    86.8   140.9   155.2   257.8   315.1   345.6   368.5   395.8   433.2   510.3   911.4  2166.6  4676.9  87067.3    87172
read      298.8   198.2    86.8   145.5   162.0   270.9   325.0   355.2   377.0   403.9   442.6   510.6   761.7  3022.5  6566.3 108236.1   108181
read      276.1   137.0    86.8   139.5   153.1   254.8   311.7   340.8   361.3   384.9   415.0   464.0   634.0  1533.0  3302.4  80389.6    80515
read      300.9   142.9    93.8   148.8   164.1   292.5   341.2   368.1   387.7   410.0   439.2   488.1   597.0  1224.0  3966.6  37248.4    37149
read      280.4    89.9    93.8   173.7   194.2   277.7   304.7   318.8   330.1   342.5   360.3   387.2   451.3   971.4  3141.5  13444.1    13444
read      283.7   165.8    86.8   140.3   154.1   261.0   318.6   347.3   368.0   391.9   422.9   474.2   705.9  2109.7  5076.1  71935.4    72057
read      285.5   148.9    86.8   138.9   152.7   262.4   321.0   351.6   373.3   400.1   436.1   504.8   714.5  1275.7  4080.3  70081.0    70041
read      278.7   152.7    80.4   140.5   154.8   256.6   311.3   339.8   360.2   383.9   414.6   465.2   650.1  1922.3  4333.6  90060.8    90162
read      285.6   129.4    86.8   136.1   149.8   272.5   327.2   357.2   378.7   403.8   436.7   488.6   609.6  1085.6  3117.0  51994.5    52082
read      281.4   102.0    93.8   153.9   171.2   280.7   314.7   332.9   345.3   361.6   380.9   410.7   485.0   921.7  2805.5  24252.5    24258
read      296.3   196.9    80.4   139.3   153.5   266.1   325.4   357.3   380.5   408.8   450.7   528.9   823.1  2467.9  6625.6  72060.9    72013
read      309.9   153.3    86.8   146.0   161.5   288.1   347.7   382.2   407.6   439.6   483.3   550.7   738.1  1291.2  3718.5  58037.6    58012
read      298.4   124.0    86.8   147.9   163.1   290.3   342.0   369.5   389.6   412.7   443.0   490.8   594.6   882.0  3165.3  45353.3    45398
read      298.6   131.1    86.8   145.2   160.6   286.6   340.6   370.2   392.2   418.4   452.7   504.6   624.9   920.9  3180.4  50128.3    50177
read      299.8   135.6    86.8   151.8   168.5   293.6   338.1   362.5   379.9   400.7   428.5   470.1   578.0  1154.4  4158.0  34545.7    34504
read      313.4   195.4    86.8   139.2   153.7   277.1   340.9   381.6   414.9   457.6   512.2   602.8   833.2  2220.9  4711.1  66057.2    66010
read      284.2   172.3    86.8   140.1   154.2   261.9   317.1   345.2   365.8   389.9   422.4   480.4   726.7  1863.2  7208.2  73869.7    73937
read      299.1   146.6    80.4   139.6   153.9   279.9   336.8   369.3   394.6   426.1   467.6   534.9   704.1  1380.7  2755.0  54992.6    55020
read      299.8   153.3    86.8   140.4   154.9   281.5   337.9   370.5   395.6   426.1   465.7   527.6   683.5  1434.9  3723.5  53219.5    53235
read      324.8   316.3    86.8   145.8   162.3   274.7   329.9   361.4   385.2   415.5   460.7   558.8  1649.0  3725.7  7871.7  97643.2    97743
read      248.4   132.7    93.8   171.0   185.0   240.7   261.1   271.9   280.3   290.6   303.8   324.9   388.3  1334.5  7216.7   5434.6     5419
read      276.3    88.3    93.8   169.0   189.5   273.7   300.7   315.5   326.2   339.4   356.4   382.7   442.6   886.1  3198.6  14736.5    14764
read      260.0   163.9   101.3   172.8   188.7   251.2   272.8   285.4   293.8   305.4   319.2   344.5   427.0  1815.0  7772.5   7504.7     7451
read      296.9   150.3    86.8   141.2   156.0   282.3   335.9   366.0   388.4   414.9   450.0   504.4   649.6  1459.4  4160.8  48048.7    48208
read      274.8   107.8   101.3   163.5   183.1   270.9   298.1   313.5   324.0   337.8   355.1   383.3   460.4  1349.1  3227.4  16146.7    16149
read      277.5   154.0    86.8   138.7   152.3   255.2   311.2   339.9   360.5   384.3   415.4   467.1   668.7  1926.0  4392.1  78914.0    78989
read      278.5   109.0    93.8   161.0   179.9   276.8   306.5   321.6   333.8   346.0   364.7   392.9   463.2  1081.4  4671.4  18953.0    18886
read      266.2   112.8    86.8   137.0   150.5   250.0   306.8   334.9   353.8   374.6   400.9   440.5   536.7   780.8  2895.0  75958.9    75954
read      281.6   107.0    86.8   142.1   157.2   278.3   327.0   351.1   368.0   387.5   410.9   447.8   522.3   658.9  2727.6  44500.9    44409
read      271.3    82.5    93.8   164.5   183.2   272.6   299.0   313.0   322.0   334.7   347.9   371.4   421.7   534.1  3623.3  16384.3    16431
read      273.6   128.4    80.4   138.9   152.7   252.0   308.2   337.3   357.9   381.5   411.9   463.8   662.7  1152.3  3105.1  85754.1    85707
read      283.3   122.9    80.4   138.7   152.9   270.0   326.5   355.9   376.3   400.6   432.5   482.4   588.5   782.8  3151.9  58238.6    58253
read      302.6   238.4    80.4   146.4   162.6   269.4   322.4   351.8   372.7   398.6   433.7   499.4   886.0  3476.0  7112.6 103756.2   103867
read      279.0   101.2    93.8   159.5   177.4   280.7   311.2   326.8   338.1   350.7   368.0   394.1   449.3   581.4  4474.4  21561.7    21604
read      271.5   119.2    86.8   139.8   154.0   252.3   306.7   335.0   354.9   377.4   405.5   453.9   599.0  1095.2  2462.1  90485.0    90401
read      269.7   113.9    86.8   139.9   154.2   252.9   307.9   336.1   355.5   377.0   403.4   445.9   543.0   819.8  3148.7  84339.3    84467
read      275.3   118.9    80.4   142.6   157.9   257.9   310.1   337.9   357.8   380.4   409.5   457.8   587.8   970.6  2975.7  99748.0    99700
read      283.7   113.1    86.8   150.5   166.7   285.3   323.6   342.7   356.6   371.5   392.1   422.4   489.4   650.5  3767.0  32100.1    32052
read      272.2    85.6    93.8   161.8   180.1   273.6   301.3   315.6   325.8   338.2   353.4   375.6   428.7   531.7  2633.9  18227.5    18173
read      289.2   138.2    86.8   137.9   151.9   266.5   327.2   361.1   386.4   417.7   460.0   525.2   671.0   915.9  3302.1  67747.3    67789
read      281.5   116.5    86.8   139.5   154.0   272.9   326.2   353.3   372.1   394.5   422.7   465.5   551.2   717.5  2410.8  51928.3    51929
read      267.3   125.7    80.4   137.2   150.8   248.0   304.2   332.9   352.6   374.4   402.0   447.6   579.0   938.2  3346.0  83812.3    83850
read      272.9    90.6    93.8   162.1   180.1   274.4   302.2   316.5   327.0   339.0   354.2   376.3   429.6   537.2  2793.5  18599.3    18614
read      280.9    90.9    86.8   152.2   168.6   283.8   319.8   338.4   351.0   366.2   385.1   412.7   469.5   578.7  2242.9  29346.0    29315
read      319.9   306.7    86.8   148.9   165.5   275.5   329.1   359.1   381.1   407.9   447.4   522.3  1544.5  3696.6  7908.8 108181.3   108090
read      279.8    98.0    93.8   153.7   170.6   282.8   316.7   334.2   345.4   360.2   376.3   402.5   462.0   584.7  3779.4  27106.0    27024
read      281.2   121.7    86.8   140.1   154.6   273.8   325.9   352.2   370.5   391.9   418.6   459.4   542.7   723.2  3302.2  49959.3    49907
read      252.3    95.3   101.3   168.0   184.4   249.9   271.3   283.1   291.2   300.5   314.0   335.1   382.7  1107.5  4096.7   9179.5     9150
read      281.1   104.7    86.8   148.8   164.1   283.0   322.8   342.5   356.7   372.0   392.8   422.9   483.7   592.1  2767.9  34250.5    34328
read      280.8   120.8    86.8   139.0   153.4   272.0   325.0   351.8   370.5   392.6   420.7   463.5   550.3   741.4  3221.4  51901.6    51881
read      265.9    81.8    93.8   165.5   184.2   266.1   290.7   303.8   313.2   323.4   338.6   361.3   407.9   598.4  3094.8  14579.6    14569
read      278.5   141.2    86.8   138.7   152.7   254.2   311.9   341.9   363.8   389.5   424.3   489.6   709.7  1116.7  3126.6  81562.7    81517
read      264.8   109.1    80.4   137.4   150.8   248.5   305.0   333.1   352.1   373.0   399.0   436.7   526.2   765.8  2347.7  78580.9    78694
read      270.8   114.5    80.4   140.5   155.0   253.4   306.6   334.6   354.1   376.4   404.3   451.4   569.0   924.0  2869.4  93356.9    93409
read      280.6   104.7    80.4   145.0   160.4   280.7   324.5   345.7   361.1   377.4   399.0   431.3   499.8   622.1  2781.2  39088.7    39093
read      271.5    84.7    93.8   161.2   178.8   273.4   300.8   315.0   324.9   337.2   351.6   373.8   425.1   532.5  2957.9  18733.0    18729
read      289.3   140.2    86.8   140.5   155.2   265.7   325.5   358.0   381.8   411.3   454.0   525.5   693.5   932.9  2430.1  70855.6    70818
read      277.4    91.4    93.8   159.6   177.2   280.2   310.2   325.4   336.6   348.1   365.3   390.0   437.3   545.1  3574.9  21926.9    21942
read      270.0   119.9    86.8   139.8   154.0   251.3   305.6   334.0   353.8   376.1   404.1   450.2   570.3  1085.4  2736.8  91780.4    91810
read      281.8   103.6    86.8   145.6   161.1   281.6   326.1   347.6   363.1   380.1   401.1   433.7   504.2   640.8  2316.2  39610.3    39588
read      281.5   105.0    80.4   144.3   159.6   280.4   326.6   349.0   365.1   383.0   403.8   436.9   507.8   636.8  2174.1  41010.6    40957
read      285.6   133.6    80.4   138.0   152.0   267.1   326.2   357.9   380.9   408.4   445.5   502.2   626.4   843.7  3617.9  62653.9    62645
read      264.5    79.0    93.8   163.6   181.7   265.4   290.0   303.0   312.3   321.9   337.5   360.0   405.3   533.8  2746.4  15467.3    15539
read      299.0   216.1    80.4   147.7   164.1   270.7   322.3   351.1   371.8   397.1   431.1   492.0   744.2  3372.7  6473.8 107738.2   107672
read      281.5    97.7    86.8   149.4   165.2   283.9   322.9   342.2   356.2   371.2   391.5   420.8   480.5   604.7  2529.8  32884.6    32954
read      286.4   126.6    86.8   139.0   153.3   271.4   328.9   359.4   381.2   406.4   440.7   494.8   607.1   814.7  3159.0  58852.2    58866
read      278.3    84.9    93.8   156.8   174.3   281.4   313.0   329.3   340.5   353.8   370.0   395.8   446.9   545.7  2422.6  23680.4    23739
read      283.3   123.9    86.8   138.9   153.1   271.8   327.0   355.7   375.5   399.4   430.0   476.5   577.4   774.2  2975.2  54633.9    54701
read      285.7   126.1    80.4   138.1   152.1   268.8   327.6   358.7   381.2   408.0   444.7   501.0   622.4   824.2  2580.2  60772.5    60706
read      294.3   148.9    86.8   138.6   152.7   266.0   328.3   363.8   391.1   426.0   473.9   551.0   741.0  1065.3  3172.3  72334.7    72350
read      283.1   124.8    80.4   138.0   152.0   268.7   325.7   355.4   376.4   401.6   434.1   486.1   592.6   793.1  3179.4  58636.6    58661
read      283.6   100.6    80.4   148.9   164.2   285.3   326.3   346.2   361.0   376.4   397.3   428.4   495.0   634.8  2703.3  34880.1    34912
read      288.7   171.4    80.4   145.1   161.2   265.2   317.3   345.6   366.6   391.5   424.7   481.2   697.5  2687.9  4588.5 103322.5   103268
read      282.2   105.0    86.8   145.6   161.1   282.1   326.2   347.8   363.4   380.5   401.3   434.0   504.3   636.5  2768.6  38707.3    38703
read      274.0   129.4    80.4   138.3   152.3   252.3   308.7   337.8   358.6   382.6   413.4   466.1   662.5  1164.0  3336.1  83302.8    83358
read      280.6   123.1    86.8   137.9   151.9   267.6   323.4   352.1   372.2   396.5   427.7   475.7   580.8   767.7  3036.1  57463.7    57408
read      273.7   127.6    86.8   139.0   153.2   251.9   307.4   336.7   357.5   381.7   412.8   465.0   661.8  1158.1  2683.2  86945.1    86837
read      286.1   105.6    86.8   152.7   169.3   287.8   327.3   346.3   360.8   375.7   396.2   426.7   493.5   627.7  2982.1  33526.3    33517
read      289.5   137.6    80.4   137.9   151.8   266.7   327.9   361.5   386.7   418.2   460.8   526.8   675.5   937.3  3331.3  66165.1    66204
read      266.7   114.7    86.8   135.8   149.6   250.2   307.3   335.4   354.6   375.7   401.9   443.4   546.6   808.7  3011.7  73820.7    73758
read      274.9   114.6    80.4   141.9   157.1   257.3   309.5   337.6   357.8   381.1   411.0   460.2   591.7   924.1  2708.6  99741.7    99742
read      286.9   124.8    80.4   147.0   163.7   269.4   320.4   348.3   369.0   393.6   426.4   481.3   633.4   999.0  3031.2 109451.5   109462
read      271.9   121.9    86.8   140.4   155.0   253.5   306.8   335.2   355.2   378.2   406.8   454.6   578.7   981.1  3166.9  94543.7    94453
