Random waveform, supplied seed
Total number of intervals = 600 (6927, 52892, 98921, 61129, 40613, 53226, 38560, 103465, 104758, 94759, 37799, 8296, 69443, 12517, 43591, 20430, 93758, 10485, 16518, 83230, 5484, 55611, 20774, 96726, 32442, 73039, 74055, 51197, 59442, 35654, 78747, 42212, 52488, 36950, 16762, 79473, 61431, 87172, 108181, 80515, 37149, 13444, 72057, 70041, 90162, 52082, 24258, 72013, 58012, 45398, 50177, 34504, 66010, 73937, 55020, 53235, 97743, 5419, 14764, 7451, 48208, 16149, 78989, 18886, 75954, 44409, 16431, 85707, 58253, 103867, 21604, 90401, 84467, 99700, 32052, 18173, 67789, 51929, 83850, 18614, 29315, 108090, 27024, 49907, 9150, 34328, 51881, 14569, 81517, 78694, 93409, 39093, 18729, 70818, 21942, 91810, 39588, 40957, 62645, 15539, 107672, 32954, 58866, 23739, 54701, 60706, 72350, 58661, 34912, 103268, 38703, 83358, 57408, 86837, 33517, 66204, 73758, 99742, 109462, 94453, 44096, 100467, 8576, 59359, 7614, 60329, 43762, 67038, 26095, 71173, 109276, 13150, 61250, 84472, 82226, 27671, 98736, 106314, 105027, 96867, 89493, 50538, 22083, 48618, 94298, 63579, 64573, 77178, 29824, 64495, 20917, 85651, 61935, 50216, 72251, 71798, 19701, 24952, 81838, 26648, 24837, 29420, 103882, 70314, 61679, 49557, 19325, 9128, 94933, 24327, 71896, 93771, 20452, 42338, 72627, 80603, 49049, 92305, 56889, 78036, 71583, 72609, 107382, 86530, 16550, 84534, 72631, 49291, 62175, 80213, 16566, 53985, 101949, 24076, 52574, 106271, 105451, 86087, 29108, 101115, 74326, 75832, 94901, 15809, 28874, 51882, 32653, 41676, 63019, 99164, 47055, 62394, 98519, 32122, 49464, 24034, 77363, 91698, 38997, 86028, 83012, 15024, 56640, 97362, 107412, 65030, 79278, 47544, 105368, 58181, 56960, 14849, 63672, 48289, 11797, 10781, 49362, 102119, 46213, 97025, 18351, 21426, 43013, 67376, 36043, 6255, 102499, 26263, 56974, 40869, 46514, 11431, 58600, 68058, 54502, 64022, 52142, 101375, 40606, 47485, 48977, 38615, 80279, 75843, 67095, 41325, 55752, 85561, 14194, 88002, 90515, 109283, 26699, 37400, 19307, 11527, 83787, 22209, 75169, 73833, 94641, 61338, 91825, 77235, 37257, 32057, 108618, 72930, 43714, 87369, 56640, 97360, 79788, 11352, 87962, 40663, 59386, 48302, 19398, 82197, 77387, 72753, 7720, 46279, 42102, 90892, 39976, 61084, 16735, 45909, 28976, 84704, 101822, 92571, 12106, 58568, 51319, 21556, 14191, 29072, 16350, 86891, 104441, 8906, 42175, 51797, 76678, 19630, 100132, 40498, 108559, 23964, 70760, 99567, 107548, 53742, 103931, 60359, 9725, 52014, 40053, 86436, 23983, 66595, 26056, 51764, 40202, 76665, 11133, 80405, 79106, 97258, 36307, 28636, 41620, 75736, 44979, 31478, 37586, 108330, 64301, 11203, 7291, 87477, 77485, 42055, 26865, 94592, 66869, 17835, 55977, 82437, 15775, 87559, 105401, 88752, 94531, 101303, 86640, 84818, 20221, 43599, 52779, 89855, 48532, 107423, 46535, 47535, 49633, 30334, 17207, 106074, 48912, 96483, 39228, 92350, 85084, 81993, 101617, 16730, 71079, 108942, 55406, 42279, 21876, 34140, 42897, 18462, 100375, 41347, 101594, 47486, 73393, 51134, 58201, 71020, 72071, 93446, 28724, 59269, 74624, 52368, 9687, 44165, 6895, 55457, 61164, 108384, 33319, 97895, 39720, 68554, 86849, 30264, 100754, 98098, 86028, 93054, 42348, 29490, 18187, 95113, 8570, 62285, 52582, 34260, 59493, 58208, 93458, 18056, 94134, 37808, 53481, 25666, 108853, 41576, 70282, 45769, 92383, 12100, 67747, 68933, 63242, 72993, 51022, 67069, 24895, 68588, 42706, 49479, 64792, 73879, 31893, 74262, 57246, 91617, 55173, 108633, 15720, 99961, 102613, 57169, 56950, 49938, 5383, 39719, 36653, 69482, 46749, 65109, 46501, 109480, 69433, 58157, 70737, 34617, 77563, 90036, 36689, 46832, 104903, 14153, 21674, 5689, 37781, 15507, 102064, 71340, 79815, 44352, 109562, 86219, 47335, 41962, 45802, 13389, 95780, 87844, 55903, 100902, 70988, 53831, 26948, 32347, 41050, 56197, 94617, 71839, 79082, 107630, 60164, 97878, 63680, 73888, 65499, 96906, 103287, 49664, 32535, 46477, 7459, 74137, 57061, 34213, 7432, 41605, 32998, 61636, 64695, 14063, 91302, 6064, 41354, 19863, 19488, 14040, 19538, 20199, 106657, 92457, 92780, 68203, 81753, 57748, 21027, 49680, 82042, 93691, 45291, 30437, 67422, 69956, 35404, 80225, 105585, 20088, 12672, 15696, 25951, 65007, 10189, 78008, 12678, 15922, 41774, 38788, 34559, 54825, 42697, 12669, 70047, 96137, 92934, 20597, 66597, 59987, 58456, 59958, 98221, 55912)
Average QPS expected = 57644
Timestamp start: 1778616814429
Timestamp end: 1778618614916

#type       avg     std     min      p5     p10     p50     p67     p75     p80     p85     p90     p95     p99    p999   p9999      QPS   target
read      259.4   105.0   109.4   178.7   195.3   254.2   274.4   286.6   294.3   304.9   317.4   340.0   400.8  1208.1  3755.5   6840.3     6927
read      292.5   139.5    86.8   138.6   152.3   277.4   333.2   363.8   386.6   413.8   448.6   501.2   635.0  1676.6  3103.0  52588.3    52892
read      351.3   303.2    86.8   145.3   161.8   274.7   336.8   378.7   418.2   481.5   624.5   829.9  1492.8  3476.6  7423.7  98767.0    98921
read      281.8   123.6    86.8   136.4   150.0   265.5   322.5   352.5   373.5   399.8   433.8   490.2   627.7  1058.2  1836.6  61177.7    61129
read      287.3   120.0    86.8   142.1   156.6   281.0   329.3   354.6   372.3   394.1   422.0   464.6   568.5  1022.2  2368.7  40799.7    40613
read      289.6   139.9    93.8   137.7   151.3   274.6   330.6   361.3   383.7   410.4   445.5   497.0   627.9  1236.5  4220.5  52950.3    53226
read      286.7   108.5    93.8   143.5   158.4   282.8   329.7   354.0   371.1   392.1   418.4   457.9   544.0   818.7  2092.5  38599.7    38560
read      472.2   573.8    93.8   160.5   183.1   318.5   392.9   445.5   492.2   563.5   764.8  1498.0  3263.4  6425.6  8110.5 103411.7   103465
read      279.5   160.4    86.8   142.3   157.2   256.6   308.1   336.4   356.9   380.9   412.3   464.9   650.6  2129.1  4838.5 104711.3   104758
read      278.1   166.7    86.8   140.6   155.0   253.2   306.9   335.6   356.2   380.2   412.0   463.8   685.1  2186.7  4431.7  94388.0    94759
read      287.3   104.4    86.8   149.3   164.2   286.0   328.1   348.9   364.6   382.4   404.1   442.6   538.3   925.5  2188.0  37625.3    37799
read      268.4   182.6   101.3   179.6   197.5   257.9   279.5   292.0   301.0   312.4   326.1   348.3   420.3  2725.7  7637.0   8329.3     8296
read      305.5   172.6    86.8   137.2   151.0   272.2   337.2   375.3   405.5   445.1   495.3   578.3   837.3  1850.7  2947.4  69545.0    69443
read      270.3    77.4   101.3   172.0   193.6   267.1   291.7   305.5   315.2   327.2   342.7   368.4   430.7  1107.9  2309.2  12519.7    12517
read      292.9   119.7    86.8   142.3   157.1   285.1   336.5   364.1   384.0   406.9   437.1   484.6   585.1   852.2  3414.9  43511.3    43591
read      280.9   102.3    93.8   158.8   178.2   280.6   311.3   327.7   339.7   353.8   370.9   399.3   460.2   742.4  3953.4  20585.7    20430
read      322.8   266.0    86.8   142.8   157.8   265.1   322.8   358.1   386.6   426.6   497.1   703.5  1376.2  3104.3  6282.2  93708.0    93758
read      261.5    76.6   109.4   175.0   194.3   258.1   279.9   291.8   300.1   311.3   323.9   347.7   410.1  1114.2  3190.4  10581.3    10485
read      272.8    82.5   101.3   163.8   184.9   271.0   298.3   313.2   323.2   336.6   352.5   378.9   434.3   742.5  3001.5  16423.7    16518
read      296.6   237.6    86.8   138.5   152.1   256.2   315.7   347.9   372.0   401.6   446.6   535.0   949.4  3316.7  6790.4  83312.3    83230
read      241.2    88.1   109.4   173.6   186.6   233.9   252.7   263.7   270.9   280.5   293.7   316.4   381.7  1171.3  3076.5   5500.3     5484
read      291.5   157.0    86.8   138.5   152.1   274.2   330.1   361.1   384.2   411.6   447.9   502.8   652.3  1540.8  5029.9  55220.7    55611
read      278.5   102.8    93.8   158.0   176.5   276.9   307.4   322.9   335.4   348.4   367.2   395.8   461.3  1288.5  4004.6  20741.0    20774
read      361.7   330.3    86.8   146.6   163.0   275.5   338.1   380.9   422.3   497.9   657.3   885.9  1709.4  3596.3  7403.6  96797.3    96726
read      282.5    99.9    93.8   151.1   166.6   282.9   320.0   339.1   352.4   368.4   390.0   423.9   500.3   870.7  3504.5  32349.7    32442
read      300.6   219.6    86.8   134.7   148.3   262.6   326.1   363.9   393.8   432.0   481.0   558.1   849.0  2656.2  6414.7  73232.7    73039
read      303.0   199.8    86.8   137.2   150.5   265.4   331.0   370.7   402.9   445.2   498.5   581.7   790.2  2243.1  5784.4  74117.3    74055
read      286.7   132.0    86.8   138.7   152.2   274.5   328.6   357.6   378.3   403.2   435.8   484.9   591.4  1129.8  3026.7  51442.7    51197
read      302.2   165.2    86.8   139.0   152.9   278.6   338.7   372.2   398.0   430.5   471.9   540.1   770.5  1774.8  3985.4  59532.3    59442
read      294.9   105.8    93.8   150.2   165.9   292.0   336.1   360.1   376.8   396.7   422.6   461.6   549.1   905.8  2164.2  35513.3    35654
read      303.2   254.6    86.8   141.4   155.6   263.7   321.4   352.5   374.8   402.8   444.2   531.3  1015.9  3503.9  7544.9  78992.0    78747
read      287.6   142.0    93.8   147.5   162.2   281.8   325.9   347.8   363.9   381.9   403.9   444.4   572.5  1780.7  4564.1  42274.0    42212
read      289.3   129.7    86.8   139.5   153.4   277.6   332.2   362.1   383.7   409.1   442.3   493.6   600.9   816.3  3005.8  52787.0    52488
read      289.8   115.7    93.8   146.5   161.9   284.6   329.6   353.3   370.3   391.0   417.2   457.6   554.3  1348.9  2492.2  36999.3    36950
read      272.3    76.1   101.3   163.2   183.8   271.5   299.0   313.6   323.5   336.6   351.9   375.4   434.6   659.9  1975.7  16754.3    16762
read      311.8   242.1    86.8   136.6   150.3   264.3   330.6   372.3   407.5   453.7   511.2   615.6   899.2  3415.6  6904.4  79478.7    79473
read      287.6   136.3    86.8   136.5   149.7   268.3   326.7   358.9   382.7   411.3   449.0   505.1   656.9  1474.8  2759.0  61369.7    61431
read      309.2   246.0    86.8   140.8   155.2   262.2   322.0   357.7   385.2   422.5   481.9   617.4  1013.3  3196.9  6966.0  86898.7    87172
read      290.4   190.2    86.8   146.0   161.7   264.3   315.5   343.5   364.6   389.7   423.4   479.2   732.6  2752.5  7058.7 107959.3   108181
read      271.1   123.6    86.8   140.2   153.6   252.1   308.6   337.2   357.1   379.1   405.3   447.6   564.2  1248.2  2906.7  80547.3    80515
read      280.4    97.1    86.8   147.5   162.2   279.8   321.0   341.6   356.6   373.2   395.6   429.4   507.2   760.4  1990.2  37203.0    37149
read      268.0   129.9   101.3   168.9   189.4   263.9   288.1   301.2   311.3   321.6   338.3   362.6   423.4  1149.0  4069.5  13380.0    13444
read      297.0   197.8    86.8   134.1   147.3   261.6   324.9   363.1   392.8   430.0   478.0   554.5   781.1  2716.9  4360.6  72020.7    72057
read      288.4   152.9    86.8   133.6   146.6   260.7   323.9   360.4   388.5   423.5   467.1   533.7   709.1  1459.6  3220.3  70165.0    70041
read      324.9   269.8    86.8   138.4   152.2   260.6   325.0   368.0   405.8   465.7   561.8   723.3  1214.1  3279.6  6977.4  90022.0    90162
read      281.5   115.5    86.8   141.2   155.0   272.2   323.8   349.5   367.6   388.9   416.3   461.5   582.6   996.4  2979.4  52003.0    52082
read      286.7    96.2   101.3   158.2   175.4   286.0   320.2   339.1   352.2   367.8   388.1   419.2   497.4   838.4  1649.7  24131.3    24258
read      303.4   179.6    86.8   137.8   151.2   269.1   333.9   372.6   404.0   444.9   496.2   576.5   793.3  1982.6  4975.5  72195.7    72013
read      292.8   191.5    86.8   137.8   151.0   272.4   329.3   360.9   384.3   412.3   450.2   506.1   661.7  2042.8  7468.0  57889.3    58012
read      282.6   113.9    86.8   140.2   153.8   274.6   324.1   350.1   369.1   391.9   421.2   465.1   568.4   928.8  2845.4  45530.0    45398
read      283.5   121.2    93.8   139.2   152.8   270.9   323.2   351.7   371.9   396.9   428.9   475.3   586.7  1290.2  2257.3  50254.0    50177
read      283.9   122.2    93.8   147.3   162.1   280.1   321.8   343.4   359.3   376.5   399.3   435.1   528.5  1185.5  4350.7  34287.7    34504
read      294.1   164.6    86.8   135.8   149.2   267.3   329.0   364.2   390.8   423.3   464.4   532.3   740.2  1935.9  3967.2  66020.7    66010
read      294.0   159.3    86.8   134.6   147.9   261.3   325.7   364.4   395.2   433.8   484.2   560.5   756.2  1777.0  2713.3  73973.0    73937
read      287.8   134.7    86.8   138.2   151.4   271.9   328.1   359.1   381.8   408.3   443.9   497.4   635.8  1231.2  2708.8  55053.0    55020
read      288.4   134.6    86.8   138.4   152.1   274.6   329.1   358.9   380.5   405.6   439.3   490.9   620.3  1371.2  2994.7  53279.3    53235
read      319.2   304.1    86.8   142.9   158.0   261.8   317.7   351.2   376.6   410.4   466.9   656.8  1378.1  4403.0  7629.6  97610.3    97743
read      243.3    79.4   109.4   173.0   187.7   237.7   255.5   266.3   273.0   282.7   294.3   316.4   372.0  1267.5  3080.2   5449.3     5419
read      265.9    79.3    93.8   165.0   185.6   265.4   289.4   302.2   312.0   322.2   338.6   363.1   418.6   593.4  2625.1  14740.7    14764
read      250.2    77.9   118.1   175.8   190.9   245.2   265.4   275.8   284.9   294.1   308.1   329.2   387.7  1141.7  2024.3   7498.7     7451
read      286.7   123.4    86.8   140.6   154.5   276.5   328.0   355.8   376.0   399.7   430.7   477.6   583.6   931.7  3021.0  48030.3    48208
read      269.9    74.6   101.3   165.0   185.6   269.1   294.9   309.5   319.0   331.7   345.4   370.6   428.2   704.4  2068.8  16011.7    16149
read      310.1   240.8    86.8   137.0   150.7   260.9   326.3   366.8   399.1   443.1   505.4   620.4  1026.8  2923.3  7810.4  79082.3    78989
read      272.7    82.1   101.3   163.5   182.4   273.7   300.3   314.2   323.5   335.9   349.4   372.3   427.4   708.9  2088.5  18943.3    18886
read      304.4   185.9    86.8   137.6   151.0   265.4   332.2   373.0   406.2   450.4   506.3   594.4   809.9  2041.3  3782.5  75697.7    75954
read      279.8   137.9    86.8   139.8   153.3   272.2   320.5   345.8   364.6   386.4   414.1   456.7   545.1   828.5  5616.9  44334.3    44409
read      263.2    83.8   101.3   159.8   178.9   262.3   287.9   301.4   311.6   322.1   338.5   363.7   418.4   640.5  3155.8  16522.3    16431
read      289.9   240.5    86.8   138.8   152.3   252.1   309.8   340.5   362.6   388.5   423.8   492.4   934.6  3280.4  7701.8  85556.3    85707
read      278.9   127.0    86.8   139.8   153.1   266.0   319.9   345.9   364.6   386.1   413.9   462.4   615.1  1089.6  2834.6  58089.7    58253
read      345.5   345.9    86.8   144.6   161.0   269.6   326.0   360.6   388.0   426.1   497.0   837.2  1831.3  3818.4  7904.3 103791.7   103867
read      277.2    85.0    93.8   157.4   174.9   276.5   306.7   322.1   334.7   347.7   367.2   396.4   475.9   925.4  1960.1  21807.7    21604
read      314.0   259.4    86.8   139.1   153.4   257.8   319.6   358.2   390.5   436.6   517.4   669.4  1076.0  3551.9  7198.9  90143.3    90401
read      272.0   121.3    93.8   140.2   154.0   252.0   308.0   337.0   357.4   380.3   408.3   454.6   586.9  1246.6  2937.2  84204.7    84467
read      282.5   180.7    86.8   142.2   157.1   256.9   309.9   338.3   358.9   383.1   415.1   467.5   679.5  2804.0  4252.9  99597.3    99700
read      285.0    95.1    93.8   154.8   171.4   286.1   323.0   341.9   355.5   370.5   390.7   421.1   491.3   789.0  2462.7  32091.7    32052
read      279.5    91.2   101.3   166.3   185.9   277.8   306.0   320.1   331.7   343.7   361.1   387.5   462.0  1090.5  2944.6  18114.3    18173
read      288.3   140.7    93.8   135.5   149.1   264.2   326.2   361.7   388.5   421.3   463.1   525.5   677.7  1161.6  3152.4  67771.7    67789
read      283.7   123.4    86.8   138.4   151.6   271.7   325.5   354.8   375.5   400.3   432.4   479.6   583.8  1028.5  3078.6  51884.7    51929
read      326.6   292.7    86.8   137.1   151.0   263.2   330.9   374.3   413.6   465.7   539.4   676.2  1463.2  3624.2  7738.7  84285.3    83850
read      271.6    82.6   101.3   163.0   181.6   272.3   298.5   312.5   321.3   334.1   346.9   370.6   430.8   830.4  1916.1  18666.0    18614
read      281.8    96.0    93.8   151.2   166.7   281.6   319.4   339.1   353.0   369.5   391.1   423.4   492.1   696.2  3241.2  29299.3    29315
read      301.6   302.0    80.4   139.7   154.0   252.3   305.4   335.3   357.5   384.4   422.1   498.8  1579.9  3709.4  7611.2 107946.3   108090
read      283.2   122.4    93.8   156.7   172.7   283.0   317.1   334.9   346.4   361.9   379.7   408.5   492.5   868.4  4735.1  27199.7    27024
read      282.3   118.8    93.8   139.2   152.4   271.3   324.1   352.7   373.0   397.5   428.7   473.4   577.5   837.6  2773.1  49969.7    49907
read      249.3    84.1   109.4   169.9   187.3   245.3   265.7   275.9   284.9   293.9   307.4   327.5   380.9  1153.5  3961.0   9112.3     9150
read      278.2   108.9    93.8   145.4   160.1   275.8   316.9   338.4   353.7   371.7   394.4   428.6   505.4   779.6  2358.0  34340.7    34328
read      286.0   130.9    86.8   138.3   151.8   271.7   325.9   355.7   376.7   402.3   435.7   486.4   614.9  1313.5  2905.3  51740.0    51881
read      269.2    91.2   109.4   167.3   187.5   267.5   293.0   306.7   315.8   327.5   342.8   368.0   426.3   714.9  4035.6  14528.0    14569
read      305.1   255.9    86.8   141.4   155.5   261.9   320.8   354.1   378.6   409.9   459.7   577.2   984.5  3596.3  7553.3  81448.7    81517
read      271.8   125.9    93.8   138.8   152.0   251.8   307.7   335.8   355.3   377.2   404.6   452.7   628.3  1436.1  2106.7  78560.0    78694
read      279.4   162.0    86.8   141.9   156.0   254.5   308.7   337.4   357.9   381.9   412.9   463.8   686.1  2248.4  3528.3  93528.3    93409
read      286.8   128.7    86.8   146.2   161.0   281.5   326.1   348.7   365.7   385.5   410.2   452.0   559.1  1274.2  4144.9  39250.0    39093
read      271.2    71.7    93.8   161.4   179.3   271.7   299.3   313.9   323.8   337.1   353.0   377.7   434.3   757.8  1227.6  18627.3    18729
read      289.6   147.0    86.8   134.6   147.6   260.8   324.8   362.3   391.1   426.7   471.4   540.4   713.2  1459.8  2553.6  70730.0    70818
read      282.5   123.1    93.8   158.1   175.8   281.5   313.9   331.4   343.4   359.1   377.3   405.8   471.0   641.1  3989.5  21814.7    21942
read      346.6   322.8    86.8   143.8   159.6   271.8   333.8   372.4   404.7   457.7   567.4   812.3  1651.9  3563.7  7838.6  91499.3    91810
read      284.3   111.8    93.8   145.3   159.8   280.1   324.0   346.0   362.8   381.7   405.5   448.3   548.6  1292.4  2260.8  39726.7    39588
read      281.4   112.3    93.8   141.8   155.8   275.4   322.9   347.1   365.6   386.3   411.5   451.6   538.8  1015.6  2195.6  41106.7    40957
read      295.0   193.0    86.8   136.6   150.3   269.5   329.5   362.3   386.8   417.4   458.2   521.2   728.5  2490.1  7407.1  62585.7    62645
read      280.9   111.9    93.8   168.7   189.9   276.0   303.9   318.7   330.2   342.7   361.2   390.0   469.7  1567.2  3182.3  15415.0    15539
read      548.6   696.3    86.8   188.0   216.6   360.0   449.5   506.9   551.2   612.2   737.7  1726.7  3634.3  7576.5  9733.2 107374.7   107672
read      288.4   110.1    93.8   154.0   169.5   285.8   324.8   345.0   360.6   377.8   401.7   443.2   537.3   919.1  3879.3  33043.3    32954
read      313.4   168.8    93.8   143.5   157.6   282.6   346.3   385.6   416.3   454.7   503.6   584.8   839.5  1691.4  3222.6  58794.3    58866
read      287.0    93.0   101.3   158.4   175.1   285.8   319.9   338.9   352.3   368.3   389.8   423.0   498.5   787.6  2353.7  23750.0    23739
read      310.3   154.9    93.8   146.2   160.6   288.0   348.3   383.9   410.5   444.8   488.7   555.6   728.3  1386.4  3225.4  54656.7    54701
read      321.6   205.1    93.8   144.9   159.7   284.6   350.1   390.7   423.5   464.1   518.3   606.2   870.3  2686.5  5839.7  60745.3    60706
read      316.6   208.6    86.8   141.3   155.3   271.4   339.4   383.1   419.9   467.9   530.8   634.8   876.0  2500.8  4989.2  72085.3    72350
read      304.5   163.2    93.8   141.8   155.7   277.1   339.5   375.8   403.8   439.9   484.6   550.4   748.9  1878.7  3119.8  58773.7    58661
read      294.6   120.1    93.8   150.6   165.7   289.3   334.4   359.2   376.6   397.4   424.4   463.9   550.4  1006.8  3922.2  34921.7    34912
read      464.9   572.8    93.8   161.4   184.9   332.1   404.8   460.3   507.9   572.2   666.1  1315.0  3443.1  7078.4  9396.0 103044.7   103268
read      299.2   120.9    93.8   150.4   165.2   290.4   338.0   364.1   383.1   404.9   436.9   489.9   620.3  1213.6  2269.0  38799.7    38703
read      326.5   254.9    86.8   143.6   158.4   267.7   332.0   372.7   407.1   461.5   555.5   718.0  1119.7  2940.9  7115.5  83430.7    83358
read      297.6   132.7    93.8   145.1   159.1   278.5   335.9   366.6   389.7   418.3   458.8   529.9   711.6  1135.7  1987.7  57595.0    57408
read      315.5   274.9    86.8   144.5   159.6   266.5   323.7   355.8   379.2   408.0   452.6   575.3  1317.8  3410.1  7642.5  86487.0    86837
read      290.3   127.6    93.8   153.8   169.3   286.3   325.6   345.3   360.3   376.2   399.6   439.0   552.0  1411.4  4071.8  33319.7    33517
read      328.9   243.9    93.8   144.6   159.4   282.6   349.9   393.9   430.4   476.4   536.7   638.8   938.6  3363.5  7373.5  66106.3    66204
read      289.8   166.5    86.8   142.6   156.7   262.0   319.9   349.4   370.7   396.1   429.7   497.2   828.7  2196.5  3420.6  73572.3    73758
read      281.3   154.6    86.8   144.6   159.6   258.8   311.2   339.8   360.7   385.0   416.4   468.1   655.2  1934.6  4116.7  99539.0    99742
read      293.4   174.9    86.8   149.0   164.8   269.1   320.4   349.1   370.1   395.8   430.5   490.2   702.5  2541.3  6160.0 109248.7   109462
read      284.2   178.7    86.8   143.5   157.9   258.0   311.9   340.5   361.3   385.6   417.4   468.6   713.5  2623.0  4855.4  94541.0    94453
read      292.8   122.1    93.8   149.0   162.9   284.2   331.8   356.6   373.9   396.4   426.8   478.4   624.5  1152.3  2720.9  44070.3    44096
read      387.4   450.1    86.8   152.7   171.0   297.3   358.4   396.7   429.2   474.8   550.1   733.8  2710.1  5367.9  8037.3 100501.7   100467
read      250.9    77.3   109.4   173.6   190.1   246.5   266.2   275.9   284.7   293.6   307.0   327.4   386.1  1185.3  2458.4   8550.7     8576
read      307.6   161.9    93.8   143.6   157.7   280.9   343.6   380.8   409.4   445.8   492.4   564.5   744.7  1436.2  4977.0  59335.3    59359
read      255.3   113.9   109.4   177.0   193.4   249.0   268.9   280.2   289.0   298.0   312.6   334.2   391.9  1177.0  5791.3   7649.0     7614
read      310.4   179.2    86.8   143.7   157.9   279.6   343.4   381.4   410.3   447.5   494.6   569.8   776.8  2023.4  4069.5  60307.3    60329
read      299.0   123.1    93.8   147.1   161.4   287.5   340.3   369.8   391.6   417.6   451.3   501.9   622.0  1097.3  2811.8  43870.3    43762
read      315.2   203.2    93.8   141.7   155.6   275.6   341.4   382.5   415.2   457.1   511.7   602.5   868.1  2464.6  4263.5  67026.3    67038
read      291.4   139.2   101.3   155.4   171.4   285.5   322.2   342.1   356.7   372.8   396.1   432.0   535.9  2045.6  4651.2  26117.3    26095
read      327.8   269.7    86.8   141.5   155.8   274.2   342.7   388.0   425.8   473.1   537.6   653.7  1072.6  3808.1  7448.9  71361.3    71173
read      494.3   639.8    93.8   170.5   196.0   336.7   414.6   464.1   502.6   551.8   640.2  1568.2  3501.5  7293.8  9550.3 109002.7   109276
read      266.5   117.2   101.3   169.4   189.6   262.7   285.9   297.7   308.4   319.0   335.0   359.0   419.8  1103.5  7170.2  13115.0    13150
read      312.3   169.9    86.8   142.5   156.5   279.8   343.9   383.3   414.7   454.5   505.5   586.9   842.1  1737.2  2600.9  61050.3    61250
read      330.2   255.9    93.8   144.1   159.3   270.1   333.2   371.7   403.5   454.8   554.6   747.9  1198.7  2828.0  6701.3  84842.3    84472
read      273.2   140.3    86.8   141.4   155.0   253.1   308.8   337.8   358.2   381.1   409.4   454.5   569.2  1297.0  5352.4  82152.3    82226
read      293.9   106.1    93.8   155.4   171.6   290.4   329.9   351.3   367.3   386.1   409.0   448.7   540.9   916.9  3319.2  27724.3    27671
read      363.0   351.4    86.8   148.0   164.7   277.3   337.3   374.2   405.0   453.4   566.0   948.6  1861.7  3420.3  7805.5  98621.3    98736
read      289.2   187.8    93.8   145.8   161.5   264.0   316.0   344.4   365.7   391.0   424.9   481.9   681.0  3011.9  6932.5 106563.7   106314
read      278.8   168.1    86.8   142.5   157.4   254.8   305.9   333.9   354.1   378.0   409.8   463.1   658.5  2239.1  5278.2 105463.3   105027
read      285.4   147.9    86.8   146.0   161.1   262.6   315.9   344.8   366.1   391.0   423.4   474.6   679.4  1940.7  3546.4  96713.7    96867
read      278.8   138.6    86.8   142.1   156.4   256.1   311.1   340.1   361.1   385.1   415.6   464.7   682.9  1737.5  2675.0  89843.0    89493
read      291.2   127.4    93.8   146.1   160.4   280.5   331.9   358.1   376.2   398.4   429.0   483.5   637.0  1243.9  2830.2  50666.0    50538
read      291.2    99.4    93.8   161.3   179.1   289.3   322.9   341.8   355.8   371.5   393.4   427.1   503.1   802.5  3829.9  22008.7    22083
read      302.6   143.2    93.8   144.2   158.5   285.5   341.2   372.9   397.0   426.6   464.8   526.5   689.1  1337.2  3616.0  48848.7    48618
read      338.0   308.5    86.8   145.6   161.5   270.7   330.9   368.7   400.1   448.3   550.5   773.6  1348.7  3775.3  8001.4  94466.7    94298
read      307.1   174.8    93.8   143.0   157.3   276.7   337.3   371.7   398.9   433.7   485.4   573.1   802.0  2131.8  3459.9  63427.3    63579
read      298.9   190.9    86.8   143.2   157.2   268.7   327.1   357.0   378.3   404.0   443.5   527.6   913.0  2430.7  4627.4  64613.7    64573
read      319.0   207.6    93.8   145.4   160.2   271.7   334.2   371.1   400.9   445.3   526.7   690.6   978.8  2435.1  4005.5  76983.7    77178
read      287.1   109.2    86.8   153.6   169.2   285.0   323.5   343.4   358.4   374.3   398.2   435.2   524.8   844.6  2291.0  29875.7    29824
read      321.3   278.5    86.8   141.3   155.1   275.7   341.8   381.9   413.1   453.4   506.2   593.5  1035.7  4020.7  7616.1  64264.0    64495
read      281.4    91.6   101.3   159.1   176.9   280.4   312.1   329.0   341.4   356.5   374.1   403.5   471.7   791.1  2193.0  20835.3    20917
read      298.6   204.0    86.8   142.5   157.0   260.4   317.3   349.4   372.8   402.2   445.8   542.8  1030.3  2450.1  5509.5  85275.3    85651
read      289.8   154.5    93.8   142.2   156.0   267.7   324.4   353.5   374.2   399.6   433.9   499.3   723.1  2009.1  2920.0  61941.7    61935
read      299.8   128.7    86.8   143.6   157.9   283.9   341.1   373.1   397.3   427.1   464.9   524.0   660.6   968.6  1679.5  50106.7    50216
read      321.9   239.9    86.8   141.5   155.5   271.5   339.6   384.4   422.0   470.2   536.5   647.0   966.1  3213.2  6369.4  72419.0    72251
read      321.2   225.7    93.8   141.7   155.7   272.1   340.8   386.1   423.9   471.9   537.4   646.1   919.8  2929.2  5366.0  71784.7    71798
read      277.7    82.7   101.3   159.5   177.6   277.5   307.5   323.3   335.7   348.7   367.1   395.1   458.7   692.0  2672.1  19761.3    19701
read      282.5    93.4    93.8   153.6   170.1   281.9   316.7   335.5   348.1   364.7   385.1   416.4   488.4   746.6  3371.1  24875.3    24952
read      314.1   260.2    86.8   141.7   156.1   264.2   325.0   360.5   388.4   426.8   490.8   650.4  1042.8  3627.2  7226.0  81861.7    81838
read      291.0   123.1    93.8   155.7   171.8   286.5   323.3   343.0   358.4   375.2   398.9   435.5   539.7  1351.9  3867.1  26780.3    26648
read      284.4   111.8    93.8   154.3   170.6   282.1   317.1   336.4   349.5   365.9   386.7   419.7   498.4  1104.0  3637.1  24919.7    24837
read      297.1   109.0    93.8   154.9   170.8   293.9   335.6   358.5   374.3   394.2   419.2   457.9   541.2   815.1  3032.9  29441.7    29420
read      347.1   390.8    86.8   149.2   165.7   282.9   340.0   373.2   399.9   435.2   490.5   610.1  1943.7  5543.5  8903.2 104234.0   103882
read      275.0   138.4    93.8   142.4   155.8   258.3   314.6   342.2   361.2   382.4   408.3   450.7   560.4  1367.5  3029.3  70283.3    70314
read      297.1   147.0    93.8   142.1   156.0   273.0   332.0   364.7   389.7   422.6   469.0   548.5   726.7  1205.4  3115.0  61561.3    61679
read      309.2   157.8    86.8   146.3   160.7   288.6   346.1   379.7   404.4   436.3   476.3   540.7   733.4  1713.3  3331.7  49484.7    49557
read      283.5    92.6   101.3   162.6   181.0   281.9   313.0   329.9   341.9   356.8   374.0   403.4   472.1   810.5  3017.0  19325.0    19325
read      262.2    77.6   109.4   179.0   197.5   258.7   279.8   292.0   300.6   311.8   324.4   345.3   400.0  1030.9  3528.9   9088.3     9128
read      408.5   425.3    86.8   153.2   172.2   298.7   367.0   414.7   459.8   536.5   707.8  1082.5  2273.5  4094.7  8012.7  94865.3    94933
read      284.5    84.6    93.8   160.2   176.6   284.6   316.9   334.5   346.1   362.7   382.5   414.9   490.2   725.5  1994.5  24269.3    24327
read      337.0   287.6    93.8   143.1   157.8   276.6   345.2   390.2   428.1   479.8   551.5   685.8  1366.4  3820.4  7752.9  71934.0    71896
read      277.0   144.8    86.8   143.1   157.5   255.6   308.9   337.3   357.9   381.9   412.4   462.2   628.3  1452.2  4016.0  93947.7    93771
read      283.5    91.1   101.3   163.4   181.6   281.9   312.2   328.8   340.7   355.7   374.0   406.1   478.3   817.9  2021.0  20349.3    20452
read      309.7   162.4    93.8   150.1   164.8   293.0   346.8   377.3   399.8   428.3   463.8   521.3   694.0  1933.8  5754.4  42209.0    42338
read      305.5   202.2    93.8   142.8   157.1   268.4   330.8   366.1   392.7   427.0   478.7   581.8   846.0  2524.1  5549.3  72659.0    72627
read      274.8   135.2    86.8   141.8   155.8   255.7   311.8   340.3   360.1   382.2   409.9   454.8   581.0  1310.1  4016.7  80606.7    80603
read      294.2   120.2    93.8   149.8   164.7   284.8   334.5   359.5   376.5   398.0   427.5   480.3   653.5  1124.1  2062.5  49473.7    49049
read      382.1   357.9    86.8   151.7   169.7   293.7   357.3   396.7   430.1   481.9   608.7  1040.4  1933.3  3211.6  7851.5  92336.7    92305
read      308.9   212.9    86.8   144.5   158.8   280.0   338.4   370.8   395.9   428.1   470.3   545.9   822.0  3094.7  6705.1  57040.0    56889
read      340.8   252.4    86.8   148.1   163.4   278.9   345.3   390.1   430.3   495.7   600.5   746.0  1122.1  3158.9  5941.3  78070.0    78036
read      270.7   112.6    93.8   140.9   154.2   255.3   311.3   339.2   358.5   379.8   404.9   446.9   539.0   826.7  2349.4  71497.7    71583
read      273.2   114.7    93.8   140.8   154.1   256.1   313.7   342.1   361.8   384.0   411.5   455.6   566.1   913.8  2576.7  72801.7    72609
read      292.0   184.9    86.8   149.4   165.3   270.0   321.2   349.5   370.2   395.3   428.3   483.5   647.7  2506.4  8003.8 107482.0   107382
read      275.8   132.4    93.8   141.7   155.7   254.4   310.2   339.2   359.9   383.5   413.2   461.5   613.2  1647.7  3112.7  86649.7    86530
read      280.5    93.5    93.8   167.5   187.3   278.6   307.1   321.5   333.4   345.3   363.8   391.9   466.1   850.6  2993.8  16652.3    16550
read      326.8   262.3    86.8   144.5   159.6   269.6   331.4   369.2   399.9   445.5   531.6   722.0  1197.0  2876.0  7628.9  84375.3    84534
read      272.1   125.8    93.8   141.1   154.5   255.3   311.7   339.5   358.7   380.1   405.7   449.3   554.9   994.3  2329.9  72607.0    72631
read      287.7   118.2    93.8   146.5   160.7   279.2   329.4   354.4   371.5   392.8   420.3   466.9   618.3   932.2  2043.0  49371.7    49291
read      321.7   208.1    93.8   144.8   159.2   283.6   350.5   392.6   426.5   468.6   523.8   611.8   841.6  2796.1  5580.1  62413.7    62175
read      310.1   269.0    86.8   141.7   155.9   263.2   322.3   354.1   376.9   405.2   449.7   577.1  1268.5  3562.9  7560.2  80422.3    80213
read      273.2    78.1   101.3   166.6   186.7   271.8   297.6   312.5   322.0   335.9   352.0   378.6   440.9   676.4  2996.8  16553.0    16566
read      310.8   149.8    93.8   145.8   160.3   289.3   350.1   385.9   413.4   448.0   492.3   557.0   723.6  1280.4  3884.6  53999.7    53985
read      343.0   354.1    86.8   149.7   166.3   280.0   336.2   369.2   395.1   428.9   479.4   591.2  1943.7  3886.5  7863.0 101769.7   101949
read      285.7    88.6   101.3   161.4   178.2   286.5   317.2   334.4   345.9   362.0   381.1   412.7   490.0   794.2  2478.4  24066.0    24076
read      304.6   169.3    93.8   144.3   158.8   285.3   343.9   377.1   402.1   432.9   471.4   534.5   692.8  1285.9  5370.0  52752.0    52574
read      335.1   339.4    93.8   151.1   168.2   282.1   337.4   369.2   393.6   424.5   467.9   561.2  1702.9  4187.0  8195.0 106095.3   106271
read      278.4   131.6    86.8   145.1   160.3   258.8   309.9   337.8   357.9   381.1   411.1   460.6   607.1  1654.2  3094.2 105487.0   105451
read      273.3   132.7    86.8   140.8   154.9   254.7   307.4   335.0   354.5   377.0   404.6   452.6   597.8  1404.8  3128.0  86095.3    86087
read      285.8   108.2    86.8   155.3   171.9   284.2   318.4   337.4   350.7   367.3   389.7   427.0   523.4   866.3  2072.2  29277.0    29108
read      397.9   443.3    86.8   151.3   170.0   294.7   356.7   395.8   429.5   480.8   590.0  1091.5  2371.2  4778.8  8812.8 101097.0   101115
read      277.2   120.7    93.8   142.2   156.1   260.1   314.2   342.0   361.6   383.7   411.6   458.1   622.2  1269.0  2031.0  74384.7    74326
read      275.7   127.5    86.8   142.0   155.9   258.6   314.1   341.8   361.1   382.9   410.3   455.8   581.0  1095.9  3106.3  75770.7    75832
read      280.7   162.6    86.8   143.9   158.7   258.6   310.5   338.6   358.9   382.7   414.1   464.8   627.7  2683.5  4199.0  94935.0    94901
read      282.6   129.0   101.3   165.7   186.9   277.3   306.0   321.1   334.4   348.1   369.0   401.0   489.0  1001.8  7207.3  15893.0    15809
read      296.1   123.5    93.8   154.8   171.6   292.4   332.9   354.8   370.8   390.1   414.2   453.7   542.2   889.3  4869.8  28941.3    28874
read      312.3   186.6    93.8   144.6   159.4   287.9   346.1   380.6   406.4   439.5   483.0   548.9   762.3  2230.3  5114.5  51783.7    51882
read      292.5   108.6    93.8   150.6   166.7   288.8   330.8   353.2   369.8   389.8   415.0   455.4   541.2   965.6  2480.6  32647.0    32653
read      302.6   123.4    93.8   149.4   164.9   292.3   342.0   370.6   392.2   417.9   451.3   501.6   616.5  1040.3  3009.6  41694.0    41676
read      329.0   206.1    86.8   145.3   161.1   291.4   356.8   397.7   431.2   471.7   529.2   629.7   919.3  2335.6  6087.9  62998.7    63019
read      527.2   629.6    93.8   175.1   203.7   357.0   443.5   504.0   551.1   618.5   760.0  1674.6  3517.1  7136.6  8378.1  99416.7    99164
read      304.5   137.9    93.8   148.1   163.4   292.4   342.4   370.0   391.4   418.0   454.6   514.1   679.0  1323.9  2924.3  47208.3    47055
read      332.3   217.2    93.8   148.1   163.1   290.9   357.4   399.4   434.6   479.6   539.3   638.8   951.4  2703.3  6590.4  62499.7    62394
read      508.9   607.1    93.8   170.6   197.0   347.6   429.9   490.1   540.2   607.7   743.4  1616.7  3431.5  6608.4  9121.1  98437.3    98519
read      291.6   109.3    93.8   152.7   168.6   287.5   326.4   347.3   364.0   383.3   408.7   451.9   560.1  1032.6  3055.3  32315.7    32122
read      315.3   165.4    93.8   148.5   163.6   295.6   352.0   385.3   410.5   442.6   483.9   548.3   731.6  1683.9  4305.3  49422.3    49464
read      283.8   105.4    93.8   154.0   171.1   282.3   315.6   333.7   345.9   363.1   383.9   416.5   495.8   962.5  3155.4  24145.3    24034
read      299.5   195.2    86.8   143.3   158.0   265.8   323.0   353.7   375.4   402.8   444.3   538.8   946.9  2601.9  4465.4  77420.7    77363
read      281.6   117.1    93.8   145.9   161.2   265.2   316.7   344.3   364.4   387.4   416.9   464.9   621.8  1103.9  2125.2  91525.0    91698
read      295.6   119.5    86.8   150.0   165.3   289.6   332.6   355.9   372.9   395.4   425.2   472.0   605.6  1042.7  4084.0  38982.0    38997
read      335.6   316.6    86.8   146.7   162.5   276.2   333.1   365.7   390.2   421.9   471.9   667.4  1703.3  3586.2  7728.7  85952.0    86028
read      274.2   109.1    86.8   142.3   156.5   257.5   311.7   339.8   359.4   381.5   409.5   455.4   578.5  1040.7  1655.5  83036.3    83012
read      273.0    82.5    93.8   167.3   189.9   269.4   295.0   309.8   319.3   333.2   349.0   377.9   456.5   966.5  2243.6  15006.7    15024
read      303.7   159.0    86.8   142.1   156.3   280.4   339.3   374.0   401.2   435.2   479.4   546.7   734.4  1313.7  5208.5  56773.3    56640
read      411.4   470.9    86.8   154.0   173.0   298.0   362.4   404.1   443.0   502.3   635.1  1123.3  2702.8  5673.6  7998.4  97576.7    97362
read      300.6   164.9    86.8   150.5   167.5   276.8   328.2   357.3   378.5   403.8   440.2   504.3   783.8  1990.7  4635.6 107531.0   107412
read      286.7   175.6    93.8   144.2   158.5   268.7   322.1   347.7   366.3   387.8   415.4   462.9   672.0  2174.7  7197.0  65028.3    65030
read      291.1   224.1    86.8   142.0   156.3   260.8   315.6   344.0   364.7   388.8   421.3   482.5   913.7  2948.9  8011.2  79308.0    79278
read      288.0   118.1    86.8   146.2   160.6   281.8   329.2   353.8   371.4   392.7   420.6   465.5   569.7   978.9  3055.4  47786.0    47544
read      309.6   253.2    86.8   148.0   164.1   269.6   321.3   350.8   372.3   399.6   437.5   513.8  1333.9  3202.5  7455.2 105325.0   105368
read      287.2   127.0    93.8   143.3   157.8   275.2   326.7   353.0   371.6   394.7   426.6   482.1   641.4  1052.5  2807.7  58370.3    58181
read      288.2   118.9    86.8   140.3   154.6   274.6   329.0   358.8   380.8   407.2   443.7   500.4   621.6   824.7  2034.8  57112.0    56960
read      268.6    78.6    86.8   164.3   186.3   266.7   291.7   305.8   315.7   328.0   343.4   369.8   430.9   678.2  2668.9  14992.0    14849
read      294.3   137.3    93.8   140.1   154.1   272.2   330.8   364.5   390.8   424.0   466.5   534.5   693.7  1053.4  2667.5  63363.0    63672
read      283.4   144.1    93.8   138.4   151.5   273.2   322.2   349.2   370.1   394.8   427.3   474.4   587.4  1019.8  3210.6  48168.3    48289
read      256.9    73.6   109.4   164.2   185.0   253.2   275.5   289.2   298.1   310.9   326.0   352.0   414.0   876.8  3079.0  11861.0    11797
read      246.4    92.5   109.4   161.7   180.9   241.3   262.6   273.8   283.5   294.0   309.5   333.4   395.7  1025.4  3703.9  10788.7    10781
read      285.8   174.5    86.8   138.7   151.9   272.5   321.9   348.7   368.5   392.2   423.4   469.2   581.4  2629.9  5848.5  49461.0    49362
read      334.8   286.3    86.8   146.0   162.4   270.6   326.5   361.7   390.6   431.7   517.2   780.7  1471.2  3207.7  7659.6 102200.0   102119
read      281.9   138.2    86.8   139.8   153.2   272.7   321.6   347.2   366.5   388.7   417.3   462.5   578.8  1087.7  4549.6  46119.7    46213
read      374.1   388.7    86.8   145.2   161.7   274.0   334.9   374.4   410.9   471.1   634.1  1030.0  2022.7  3471.8  8386.4  96972.7    97025
read      266.4   106.3   101.3   156.6   175.0   264.3   290.7   305.4   315.8   328.6   344.1   370.5   436.0  1322.7  3146.0  18396.7    18351
read      269.3    86.2    93.8   151.9   168.8   269.1   298.8   315.0   326.6   340.2   358.2   386.2   450.0   840.0  2620.5  21555.7    21426
read      297.3   121.8    93.8   145.4   159.8   287.2   338.4   367.4   389.1   415.3   449.9   500.9   606.4  1046.5  2045.8  42967.0    43013
read      302.3   207.6    86.8   138.0   151.3   269.2   332.1   369.0   398.3   436.0   485.2   562.2   773.3  2400.4  7374.9  67263.3    67376
read      278.7   109.6    93.8   141.8   155.9   274.5   316.7   339.4   356.0   374.4   399.7   438.4   530.3  1008.3  2750.6  35988.3    36043
read      232.9   140.7   109.4   164.6   177.2   224.3   242.1   251.9   259.8   269.6   282.6   303.5   369.4  1414.9  7187.5   6247.0     6255
read      354.0   463.1    86.8   148.4   165.0   280.6   337.7   371.6   398.4   434.0   491.0   618.6  2529.9  4450.1  8135.5 101831.7   102499
read      280.8   129.9   101.3   156.1   172.8   279.7   311.5   328.4   340.6   355.5   373.2   402.2   470.5   991.9  6257.6  26169.0    26263
read      312.6   236.3    86.8   142.3   157.8   281.1   337.9   370.4   395.1   426.4   469.8   546.4   895.1  3447.0  7299.4  56972.3    56974
read      295.8   120.4    93.8   149.9   165.3   291.0   337.0   361.9   379.7   400.6   428.3   469.5   565.4   853.3  4048.7  40759.3    40869
read      289.8   118.7    93.8   143.9   158.8   282.5   331.9   358.2   376.9   399.5   428.8   471.7   576.1   865.7  2689.8  46537.7    46514
read      262.9    86.1   101.3   173.0   192.8   259.8   282.9   295.1   304.9   315.7   331.0   355.4   409.3   700.8  4584.0  11359.3    11431
read      302.6   146.4    86.8   144.7   159.7   283.5   340.9   372.8   398.1   429.7   470.8   537.6   690.0  1015.1  3936.4  58623.3    58600
read      307.1   168.8    86.8   143.3   158.1   275.8   338.6   375.8   406.0   446.1   498.1   580.8   773.4  1516.1  4767.4  68237.3    68058
read      298.5   151.0    86.8   144.7   159.4   283.0   338.3   369.9   394.0   423.2   460.4   517.7   654.4   854.2  2905.0  54520.0    54502
read      303.8   171.7    86.8   142.3   156.8   276.5   337.3   372.6   400.1   435.6   484.0   558.6   751.6  1617.0  7426.7  63987.3    64022
read      295.2   150.9    93.8   144.1   159.0   281.8   335.3   364.5   386.3   412.7   447.9   502.3   629.2   979.0  3421.6  52016.7    52142
read      424.0   532.3    86.8   156.3   176.8   310.2   374.3   418.7   456.6   508.0   587.0   825.7  3384.3  6306.4  8137.3 101517.0   101375
read      290.8   113.6    93.8   148.8   163.4   286.5   331.4   355.3   371.9   392.8   420.0   462.4   557.9   842.5  2742.8  40459.3    40606
read      294.0   130.3    93.8   144.9   159.4   283.4   333.8   361.8   382.1   405.5   437.8   490.7   610.6  1303.8  3474.6  47291.0    47485
read      292.9   117.2    93.8   144.7   159.0   283.0   334.2   362.7   383.5   408.3   443.3   496.3   608.9   833.2  1588.6  48850.7    48977
read      288.5   109.7    86.8   148.3   162.8   285.8   329.3   352.3   369.0   389.2   414.9   455.3   544.9   739.5  2112.8  38445.0    38615
read      305.7   186.0    93.8   144.5   159.3   269.0   327.1   360.4   385.6   418.4   469.7   601.8   950.9  1761.4  5745.3  80234.7    80279
read      272.1   119.0    86.8   140.5   154.0   254.7   310.3   338.5   357.9   379.3   405.7   451.0   580.4  1088.5  2485.3  76045.7    75843
read      275.2   113.8    86.8   142.1   155.8   263.2   317.3   343.3   361.3   381.2   404.7   445.1   544.9   934.9  2855.7  66969.3    67095
read      295.9   130.2    93.8   149.4   164.4   287.7   334.5   359.8   377.6   399.9   430.1   478.4   606.5  1074.8  3068.0  41429.3    41325
read      301.3   144.0    86.8   142.4   156.8   281.1   339.5   372.4   397.8   429.1   468.6   533.1   700.1  1471.7  2822.2  55898.0    55752
read      334.6   284.6    86.8   143.4   159.0   269.9   330.2   367.1   397.5   442.2   534.9   756.7  1446.7  3409.6  6995.2  85744.3    85561
read      262.1    98.7   109.4   162.9   184.5   258.0   282.0   295.0   305.2   316.4   332.8   359.3   425.9  1006.3  4315.8  14170.0    14194
read      398.8   394.6    86.8   149.7   167.1   293.4   361.9   411.0   459.2   542.2   723.7  1061.2  2032.2  3765.7  7905.2  87803.7    88002
read      268.5   132.5    86.8   139.0   152.4   248.1   300.8   328.8   348.1   370.7   399.0   444.0   589.1  1731.1  2960.7  90589.7    90515
read      290.9   190.7    86.8   145.9   161.8   264.8   315.6   343.3   364.4   389.9   424.7   486.3   722.5  2921.2  6272.8 109077.0   109283
read      284.5   116.3    93.8   157.4   174.3   282.5   315.1   332.8   344.7   361.2   381.1   413.8   499.7  1326.6  3732.2  26495.0    26699
read      300.3   140.9    93.8   150.4   165.4   291.0   337.7   364.5   384.3   406.7   436.8   483.8   586.1  1853.0  3586.2  37552.7    37400
read      271.0    79.3   101.3   156.3   174.9   269.5   298.3   314.4   325.9   340.1   358.9   387.8   459.1   654.3  2156.5  19323.3    19307
read      263.9   104.1   101.3   169.6   189.3   259.2   283.0   295.6   305.9   316.9   332.9   357.7   421.6  1225.5  4026.9  11481.0    11527
read      317.4   262.7    93.8   143.6   158.6   268.1   325.9   358.2   382.5   414.3   467.1   642.5  1227.8  3361.8  6890.1  83601.0    83787
read      283.4    89.2    93.8   158.7   176.6   280.8   313.6   332.0   344.6   361.3   381.5   415.6   495.3   901.6  2152.0  22128.0    22209
read      313.0   234.4    93.8   144.6   159.4   271.2   331.8   366.3   393.1   428.2   482.3   595.9   930.9  3134.1  6351.7  75053.0    75169
read      275.7   119.7    86.8   143.4   157.4   259.2   315.0   342.7   361.8   383.3   409.7   452.7   572.8  1079.9  2325.9  73780.0    73833
read      269.2   124.3    86.8   140.7   154.5   248.5   301.9   330.5   350.3   373.2   401.7   447.5   584.5  1329.7  2930.8  94655.7    94641
read      289.7   142.4    86.8   141.2   155.0   268.7   325.9   356.5   378.3   404.2   442.2   505.7   711.5  1487.4  2658.0  61351.3    61338
read      302.5   259.2    86.8   142.9   157.6   258.8   314.8   345.5   368.6   396.7   436.1   530.5  1179.8  3268.3  8103.4  92201.3    91825
read      272.1   125.3    86.8   140.8   154.6   254.1   309.6   337.9   357.6   379.2   405.0   449.1   555.6  1250.8  3213.4  77245.7    77235
read      293.3   109.2    93.8   151.5   166.4   289.3   332.2   355.5   372.3   393.6   421.9   466.0   571.3   836.8  2282.7  37050.3    37257
read      300.2   141.2   101.3   154.7   170.9   293.8   337.4   361.1   377.8   398.7   426.1   466.8   571.8  1259.9  5916.2  31995.7    32057
read      512.2   620.7    86.8   176.8   207.6   361.8   452.9   514.2   560.4   617.4   702.3  1473.0  3562.4  7026.3  8746.6 108680.3   108618
read      272.8   118.5    93.8   142.0   155.4   257.0   313.4   341.2   360.4   381.6   406.4   448.1   544.8   922.0  3711.6  72789.0    72930
read      288.1   114.7    93.8   149.4   163.4   282.3   327.8   350.4   367.0   386.8   412.3   458.1   585.3  1167.5  2327.1  43683.3    43714
read      368.5   367.0    93.8   148.3   164.9   284.6   346.6   386.3   419.9   470.2   601.7   912.4  1808.9  4297.7  7927.9  87086.3    87369
read      299.5   149.9    86.8   143.1   156.9   278.8   336.5   368.4   392.4   422.3   463.2   532.4   734.9  1329.8  4750.2  56599.3    56640
read      406.2   448.3    86.8   151.0   169.0   290.2   355.5   400.5   443.7   518.8   712.9  1105.8  2484.3  4664.5  7982.5  97094.0    97360
read      275.8   139.1    86.8   142.2   155.7   255.3   310.7   339.4   359.6   382.4   410.5   456.3   597.9  1652.4  3635.0  79781.3    79788
read      257.6    84.9   101.3   170.9   190.0   253.5   275.1   288.1   296.3   308.6   321.6   344.9   402.1   953.6  3949.3  11352.0    11352
read      373.3   329.5    86.8   151.5   168.7   287.9   351.3   394.3   432.8   503.9   693.7   941.4  1632.1  3456.5  7469.7  87795.0    87962
read      288.2   127.4    93.8   148.2   162.7   282.4   327.0   350.2   367.5   388.0   414.2   458.2   569.5   976.9  4009.9  40681.7    40663
read      308.8   175.6    93.8   142.9   157.2   280.5   341.3   378.0   406.3   441.7   487.7   559.0   800.2  1806.4  4708.9  59051.7    59386
read      305.0   143.5    93.8   146.8   161.4   290.2   344.6   375.8   399.3   427.8   464.3   519.9   647.3  1510.4  3942.5  48078.0    48302
read      281.8    76.7   101.3   162.8   182.0   281.7   311.8   327.9   339.7   353.5   370.9   398.8   463.7   676.8  1914.8  19361.3    19398
read      316.9   242.7    86.8   141.2   155.2   263.0   327.3   367.8   401.2   453.3   534.9   672.4  1023.5  2957.6  6328.7  82198.7    82197
read      265.2   120.7    86.8   138.4   151.0   247.1   303.7   332.0   351.0   372.0   398.4   437.0   531.9  1049.1  3155.0  77404.7    77387
read      306.0   213.1    93.8   139.9   153.4   265.0   328.9   367.1   397.4   437.1   494.1   586.8   872.6  2873.0  5611.8  72916.3    72753
read      247.4   115.3   101.3   174.7   189.4   240.3   259.2   269.7   276.8   287.6   299.2   320.1   380.4  1779.3  3972.4   7763.3     7720
read      295.9   124.2    86.8   145.4   159.6   283.8   335.6   365.5   387.8   414.5   449.4   501.0   621.5   927.6  2889.8  46195.0    46279
read      294.6   123.0    93.8   147.2   161.8   285.0   334.8   362.6   382.7   405.8   436.8   484.6   591.8   971.3  3203.2  41903.7    42102
read      365.2   316.3    86.8   151.2   168.1   287.9   349.5   389.4   423.4   478.0   629.9   921.7  1569.5  3406.7  7576.3  90915.7    90892
read      289.4   103.7    93.8   148.7   163.0   284.3   329.8   354.5   371.8   393.6   421.9   465.5   557.7   801.6  1470.8  39831.0    39976
read      311.3   189.1    93.8   142.9   157.2   280.5   343.9   381.5   410.5   448.0   496.5   571.6   782.7  2228.6  6263.1  61379.3    61084
read      280.3   213.1    93.8   166.1   186.2   275.8   302.4   316.6   327.1   339.5   355.8   381.5   440.9  1275.2 11805.0  16812.0    16735
read      291.3   133.3    93.8   145.8   160.3   283.2   332.7   359.5   378.5   400.8   430.5   473.5   573.8   933.1  4356.5  45838.0    45909
read      293.1   205.9    93.8   152.2   168.5   283.7   319.2   338.4   352.1   369.0   392.0   431.2   619.5  2891.2  7830.2  28873.7    28976
read      310.6   258.1    86.8   144.3   159.5   267.0   326.1   360.1   386.3   421.1   474.1   588.7   932.9  3340.5  8014.0  84611.3    84704
read      316.7   276.1    86.8   148.6   164.7   274.6   330.2   362.2   386.3   416.7   461.2   549.5  1196.7  3434.7  8801.7 102029.7   101822
read      277.7   131.3    86.8   143.1   157.6   255.8   309.2   338.1   358.8   382.9   414.0   465.2   665.7  1566.2  2848.6  92854.0    92571
read      256.9    71.0   101.3   168.0   187.5   255.6   276.8   288.9   296.4   308.2   320.5   343.5   396.9   861.0  1957.2  12129.7    12106
read      293.7   151.2    93.8   139.2   152.6   272.6   330.9   365.0   390.5   421.7   461.5   522.2   682.9  1353.4  5018.6  58717.7    58568
read      316.2   221.2    93.8   144.9   159.5   288.0   346.5   381.9   408.1   442.1   485.8   554.3   845.0  2672.2  7858.5  51433.0    51319
read      280.0    94.2   101.3   156.6   174.7   278.6   310.4   327.3   339.6   354.2   372.5   402.4   480.3  1246.8  2155.2  21546.0    21556
read      269.8    89.0   101.3   165.4   186.1   266.0   291.2   305.4   315.3   327.7   343.6   370.7   455.3  1146.9  3171.0  14185.7    14191
read      289.4   118.2    93.8   151.4   167.1   285.3   324.3   345.3   361.3   379.0   402.2   440.3   542.8  1380.6  4338.1  29090.7    29072
read      274.8   173.4   101.3   162.1   181.4   267.9   294.7   310.0   320.0   334.0   349.9   376.7   451.0  2602.6  7032.2  16343.3    16350
read      330.9   299.2    86.8   140.8   155.3   263.5   327.5   369.8   407.5   468.3   558.2   709.8  1432.8  3775.4  7511.2  87072.7    86891
read      285.8   161.6    86.8   146.9   162.3   263.7   314.8   342.7   363.3   387.5   419.3   469.3   643.1  2115.3  4833.5 104446.7   104441
read      246.7    77.9   109.4   168.7   185.8   242.2   262.4   272.9   281.6   291.5   304.9   325.8   385.1  1087.1  3818.0   8940.0     8906
read      281.3   132.2    93.8   142.2   156.1   274.2   320.7   345.9   364.4   385.9   413.4   456.0   543.6   893.1  7169.6  42189.3    42175
read      290.4   136.3    86.8   140.8   154.5   275.6   330.0   360.4   382.6   409.5   445.5   497.9   625.0  1090.3  3634.0  51623.0    51797
read      290.3   214.8    86.8   141.0   154.5   258.3   315.6   345.3   366.5   391.3   424.5   486.4   924.1  2894.3  7642.4  76687.7    76678
read      271.4    97.3    93.8   159.7   177.5   271.1   297.9   312.3   321.4   334.9   349.4   374.1   439.8  1114.8  3196.7  19630.0    19630
read      471.5   594.6    86.8   161.6   183.5   320.0   396.6   454.2   506.1   590.5   778.2  1418.4  3220.6  7561.9 11315.9  99872.0   100132
read      283.4   123.8    93.8   146.1   160.5   279.9   322.8   344.8   361.6   380.3   403.6   444.1   542.5   853.0  3388.9  40502.0    40498
read      346.3   395.1    86.8   145.3   161.7   271.0   327.8   361.1   386.6   419.8   469.2   610.0  2256.4  4421.6  7935.8 108691.0   108559
read      279.3   104.7    93.8   159.0   175.9   279.1   309.4   325.2   336.8   349.4   367.5   396.2   467.0  1122.3  2970.5  24003.3    23964
read      299.9   179.3    86.8   137.7   150.9   266.4   330.3   368.9   399.5   438.6   488.7   564.1   775.2  2032.5  3949.2  70820.3    70760
read      321.9   303.1    80.4   146.7   162.4   268.8   323.8   355.8   379.5   410.4   458.4   592.3  1421.1  3746.5  7774.2  99393.7    99567
read      312.8   260.6    86.8   152.3   169.2   279.6   332.6   362.8   385.5   413.7   454.1   531.0   868.2  3584.3  8514.4 107736.3   107548
read      293.0   133.8    86.8   142.5   157.2   278.6   331.3   358.7   378.4   402.8   438.3   503.9   698.6  1183.4  2962.7  53900.7    53742
read      310.4   238.5    86.8   149.2   165.0   269.6   321.9   352.5   374.6   402.7   444.4   536.5  1231.1  3223.2  5753.5 103784.0   103931
read      268.9    98.5    86.8   138.8   152.4   260.3   313.2   338.1   355.1   373.7   398.2   434.9   515.2   669.7  1367.0  60625.3    60359
read      243.6    74.0   101.3   166.8   183.8   241.4   261.4   271.5   279.2   288.9   300.0   319.1   367.0   493.8  2293.3   9789.0     9725
read      277.3   116.4    86.8   140.1   154.4   271.3   321.2   345.5   363.4   383.6   408.2   447.5   527.9   712.6  3270.1  51868.3    52014
read      274.7   102.3    93.8   143.9   158.5   276.3   317.2   337.5   351.3   367.5   388.0   418.3   479.4   590.7  2198.8  40095.0    40053
read      270.4   115.5    80.4   139.3   153.0   249.5   305.2   334.6   355.1   378.3   407.6   459.1   631.5   931.8  2339.5  86360.3    86436
read      267.9    88.9    93.8   154.2   170.7   271.2   298.9   313.6   323.4   336.2   350.7   373.2   425.9   522.0  3207.5  24021.3    23983
read      282.4   117.1    86.8   138.5   152.2   265.5   322.8   353.6   375.5   402.8   439.4   496.8   617.1   788.2  1397.0  66342.0    66595
read      272.4    86.8    93.8   151.7   168.0   276.0   306.9   322.3   334.2   346.1   364.1   389.6   441.8   524.7  3251.7  25910.0    26056
read      278.7   117.8    86.8   140.6   154.7   272.0   321.7   346.6   365.1   386.1   412.2   453.7   538.0   738.5  2799.2  51643.0    51764
read      275.0   111.6    93.8   143.5   158.0   275.2   316.3   337.2   351.3   367.8   388.9   420.0   483.7   848.4  2856.6  40239.7    40202
read      291.0   135.9    86.8   139.9   153.8   263.8   324.7   360.0   387.6   423.5   472.0   545.4   705.5   866.0  1616.6  76711.7    76665
read      246.2    63.3   101.3   165.3   182.8   244.3   265.0   275.2   284.6   294.1   307.6   325.8   369.1   487.3  2019.9  11123.3    11133
read      291.3   154.7    86.8   141.0   155.3   260.6   320.2   353.0   376.9   407.9   456.2   551.1   780.5  1235.0  4889.0  80184.0    80405
read      257.2   147.7    86.8   134.9   148.0   240.0   296.4   324.2   343.0   363.7   388.0   422.9   492.6   638.6  2007.0  79299.7    79106
read      264.9   122.4    86.8   139.9   153.6   246.4   299.1   327.2   346.5   369.1   396.5   436.5   538.5   859.7  3183.2  96740.3    97258
read      273.2    94.4    93.8   146.9   161.7   276.7   313.8   332.1   344.1   359.9   377.9   404.3   464.1   577.2  2581.0  36419.3    36307
read      271.6    85.4    86.8   150.4   165.8   275.9   308.0   323.8   335.7   347.9   365.9   392.0   444.2   531.6  2154.6  28516.3    28636
read      274.6   106.0    93.8   143.2   157.7   275.5   317.4   338.2   352.6   369.2   390.6   421.9   482.4   581.0  2497.2  41477.3    41620
read      298.5   154.2    86.8   142.3   156.8   269.4   331.6   367.3   395.4   432.2   482.8   561.1   731.2  1065.1  2976.7  75509.0    75736
read      278.8   100.1    86.8   142.4   157.3   276.9   322.7   345.2   362.0   380.6   403.2   439.8   516.3   640.5  1209.7  45177.3    44979
read      274.7    87.2    93.8   149.2   164.4   278.4   313.1   330.5   342.1   356.9   373.8   401.4   461.4   541.5  2476.2  31382.0    31478
read      278.3   117.8    93.8   146.6   161.4   279.4   319.3   339.5   353.5   369.4   390.8   423.4   490.8   642.1  2637.9  37657.3    37586
read      391.2   441.1    86.8   156.3   176.4   302.9   364.2   402.8   435.6   481.1   550.7   728.3  2991.3  4480.8  8006.6 108418.7   108330
read      277.5   115.5    93.8   138.0   151.2   262.6   319.4   348.0   369.2   394.6   427.4   476.4   582.0   745.2  1908.2  64211.7    64301
read      245.1    65.3   101.3   165.2   182.6   243.4   263.4   273.6   282.1   291.5   303.7   321.0   368.5   766.5  3143.4  11235.3    11203
read      233.8    80.6   109.4   166.4   179.4   229.1   246.7   256.1   264.1   272.1   284.5   303.5   349.8  1129.6  3212.1   7226.7     7291
read      299.2   162.1    86.8   144.0   158.9   263.8   322.5   357.1   383.9   420.3   477.4   593.1   825.8  1231.3  3759.1  87057.0    87477
read      263.6   109.7    86.8   138.6   151.9   247.6   303.6   331.6   350.2   370.7   395.6   431.4   506.0   697.1  2853.7  77573.7    77485
read      271.4   111.0    86.8   144.2   158.5   272.0   313.0   332.4   345.0   361.2   380.0   408.2   470.1   614.1  3423.3  41887.0    42055
read      270.6    84.5    93.8   151.3   167.0   274.0   305.0   320.1   332.1   344.4   361.9   386.8   436.4   560.5  2632.6  26911.0    26865
read      273.3   121.8    86.8   141.6   156.0   252.4   305.4   334.2   354.7   378.2   408.3   460.4   661.4  1088.3  2257.5  94532.0    94592
read      274.5   114.1    86.8   139.3   152.8   259.7   315.1   342.9   362.6   385.2   414.6   463.4   576.4   774.5  2767.8  66826.3    66869
read      265.3   100.8    93.8   158.5   177.5   265.4   290.6   303.9   313.4   323.8   339.1   361.6   410.2  1065.9  4601.1  17887.3    17835
read      281.3   117.4    86.8   140.0   154.2   271.4   323.7   351.0   370.6   393.7   423.5   467.8   563.4   778.7  3149.4  55881.7    55977
read      291.9   171.7    86.8   138.7   152.4   259.9   321.8   358.6   388.0   426.8   480.1   562.1   732.3   932.7  3790.8  82412.0    82437
read      260.6    67.9    93.8   161.1   179.9   261.6   285.7   298.0   307.8   317.5   332.1   352.4   397.1   504.7  2104.3  15860.3    15775
read      288.8   145.7    86.8   141.2   155.6   257.9   315.1   346.3   370.3   400.0   446.1   548.1   800.7  1241.3  2555.1  87415.0    87559
read      267.4   103.1    86.8   142.3   156.9   251.2   301.3   328.4   347.6   370.1   398.2   441.5   541.4   788.7  1938.7 105335.3   105401
read      264.1   138.3    86.8   138.2   151.5   245.4   299.2   327.6   346.8   369.0   395.8   435.0   528.4   871.7  6523.4  88796.0    88752
read      267.8   117.1    80.4   140.9   155.0   249.7   302.7   330.8   350.3   372.5   400.4   444.5   549.9   931.2  2069.4  94002.0    94531
read      261.8   102.8    80.4   139.5   153.4   244.9   296.0   323.7   343.2   365.7   393.0   432.8   520.5   739.9  1810.5 101337.3   101303
read      258.7    98.3    86.8   136.8   149.9   241.7   296.3   324.5   343.8   365.5   391.4   428.6   506.2   699.6  1149.8  86262.0    86640
read      263.3   109.6    86.8   138.4   151.8   245.7   300.1   328.5   347.7   370.2   397.2   435.9   524.3   807.9  3045.7  85192.0    84818
read      263.4    81.3    93.8   157.2   174.4   266.3   291.9   305.4   314.4   324.8   339.2   361.3   403.8   492.3  1384.8  20274.0    20221
read      277.5   104.8    86.8   143.4   158.2   276.2   319.8   342.4   358.1   374.4   397.2   430.7   502.2   670.5  2877.8  43702.7    43599
read      281.5   120.4    86.8   142.6   157.8   273.3   324.2   349.4   367.6   388.9   415.9   458.1   543.5   707.9  3056.3  53128.3    52779
read      292.1   150.4    86.8   145.3   160.6   262.5   317.0   347.1   369.6   396.4   434.2   522.8   877.9  1376.0  2414.9  89900.0    89855
read      274.5   101.8    86.8   146.1   161.1   272.5   317.2   338.6   353.1   369.5   390.8   422.7   488.1   609.3  2599.4  48361.3    48532
read      388.5   494.0    86.8   153.5   172.6   293.1   352.0   388.2   416.5   453.8   507.9   642.0  3305.1  5158.3  8044.6 107574.0   107423
read      279.8   110.9    86.8   144.8   159.9   275.9   321.9   344.8   361.5   379.9   402.8   439.8   517.0   689.5  3673.9  46884.3    46535
read      275.4   107.4    86.8   140.9   154.9   271.8   319.2   342.2   358.8   377.2   400.8   436.7   507.7   631.1  2540.8  47544.7    47535
read      276.4   112.8    86.8   140.3   154.2   272.0   320.3   343.7   361.1   380.5   404.3   442.8   517.6   671.3  3799.9  49669.7    49633
read      276.6    89.3    93.8   151.2   166.4   280.3   314.9   332.8   344.5   359.5   375.9   403.0   461.0   564.9  1884.2  30202.3    30334
read      263.3   123.6    93.8   159.8   177.3   262.8   287.6   300.6   310.5   320.4   336.4   358.8   402.0   594.3  6437.0  17339.3    17207
read      491.4   619.4    86.8   170.9   196.8   337.0   410.9   463.5   506.9   565.8   663.9  1565.6  3495.6  6999.7  8479.7 106052.7   106074
read      273.2   101.5    86.8   141.6   155.5   270.0   317.1   340.0   355.8   372.7   396.0   430.4   503.5   646.7  1607.8  48934.3    48912
read      289.3   165.5    86.8   144.8   160.0   261.5   314.6   343.5   364.8   389.9   423.1   482.7   911.6  2017.8  3152.9  96546.3    96483
read      272.6   104.7    86.8   145.2   159.9   275.4   314.3   333.4   345.8   361.5   379.5   407.0   467.2   553.5  2934.9  39275.3    39228
read      276.8   148.3    86.8   140.5   154.6   250.5   305.4   335.5   357.2   382.8   416.8   477.4   714.2  1650.7  3976.1  92111.3    92350
read      260.6    99.0    86.8   137.5   150.7   243.6   298.7   326.8   345.8   367.4   393.6   431.6   510.6   731.0  1325.7  85123.7    85084
read      258.6   105.5    86.8   135.8   149.3   242.2   297.7   325.8   344.6   365.8   391.0   427.4   499.3   651.9  2105.2  81609.3    81993
read      269.0   129.6    86.8   142.7   157.4   252.0   303.0   330.4   349.3   371.8   399.7   442.5   542.8   828.9  2265.8 101659.7   101617
read      257.7    87.5    93.8   158.8   177.0   258.4   281.1   293.2   302.2   313.0   326.0   345.6   397.0   501.0  3111.8  16685.7    16730
read      290.2   129.1    86.8   140.4   154.5   267.7   327.1   360.3   385.5   417.3   461.5   529.7   679.9   859.5  1871.3  71047.3    71079
read      396.8   450.9    86.8   156.6   176.3   295.2   353.6   390.7   420.5   462.1   540.2  1061.9  2723.2  4583.9  8010.3 108864.7   108942
read      276.5   107.8    86.8   140.1   154.1   268.2   320.2   345.4   363.6   384.5   411.3   455.4   546.0   697.2  2109.3  55554.7    55406
read      275.8    96.8    86.8   143.3   157.6   275.9   319.1   340.6   355.7   372.2   394.8   427.9   495.3   589.7  1935.6  42408.0    42279
read      266.9    99.0    86.8   153.8   170.6   269.0   296.5   311.3   320.6   333.4   346.4   369.9   416.9   519.2  3803.1  21868.7    21876
read      272.1    95.0    86.8   145.3   160.1   275.4   311.1   329.2   341.6   356.7   374.0   403.0   466.4   580.1  3063.2  34115.7    34140
read      274.9    98.7    86.8   142.6   157.1   274.4   318.1   339.4   354.3   370.9   393.1   425.6   495.7   650.5  2267.6  42809.0    42897
read      260.6    63.3    93.8   156.0   174.6   262.8   287.9   301.0   310.6   320.2   335.7   357.3   402.5   496.3  1175.6  18621.7    18462
read      389.3   439.8    93.8   153.3   171.8   292.5   354.5   394.5   428.4   476.2   563.8   878.4  2715.5  4626.8  8059.4 100318.7   100375
read      273.4   102.0    86.8   144.2   158.6   273.5   314.9   335.1   348.3   364.8   385.0   416.0   481.4   753.8  3090.3  41232.0    41347
read      498.1   674.9    86.8   162.0   185.7   329.3   403.4   456.6   499.7   555.4   645.4  1637.5  3598.8  7557.1  8108.1 101550.3   101594
read      269.9   105.8    86.8   140.9   154.8   267.5   312.8   334.5   349.1   366.6   388.5   421.8   490.6   588.9  3050.4  47591.7    47486
read      289.2   140.8    80.4   138.9   152.6   263.5   323.8   357.9   383.8   417.3   463.0   534.1   708.5   976.4  3293.0  73530.0    73393
read      275.0   107.3    86.8   139.9   153.8   269.7   318.9   343.1   360.8   380.6   404.6   443.6   520.6   640.4  1938.9  50991.3    51134
read      277.9   123.9    86.8   138.4   151.8   266.3   319.5   346.7   366.7   390.0   420.1   465.1   562.1   794.3  3655.3  58213.7    58201
read      292.3   138.4    86.8   140.0   154.1   267.9   328.3   362.2   388.2   421.7   466.9   538.5   701.1   924.9  3320.2  71064.3    71020
read      283.8   149.2    86.8   136.9   150.4   260.2   320.0   353.0   377.2   408.2   450.7   514.4   663.5   998.2  2554.6  72154.7    72071
read      333.3   234.8    86.8   148.0   163.8   273.9   333.8   370.7   401.7   451.2   546.0   774.7  1291.2  2136.5  3421.8  93553.3    93446
read      271.6    81.7    93.8   151.3   166.9   276.0   307.7   323.2   335.0   346.8   364.6   389.3   438.4   549.6  2398.9  28780.7    28724
read      277.7   135.1    93.8   138.1   151.7   264.6   318.8   346.4   366.8   390.4   421.0   467.2   569.9   795.3  5065.1  59473.0    59269
read      282.9   121.6    86.8   140.8   154.9   260.6   319.4   350.2   372.6   399.3   435.9   503.7   681.3   886.5  1327.2  74408.7    74624
read      273.1   105.0    86.8   140.1   153.9   267.1   316.6   340.8   357.9   376.9   401.3   438.7   519.2   651.9  2425.7  52287.3    52368
read      239.1    94.9   101.3   164.2   179.8   236.0   254.4   264.9   271.6   280.5   292.2   311.2   354.0  1018.7  5279.3   9672.7     9687
read      271.7    92.3    86.8   141.1   154.8   272.2   315.4   336.8   351.5   368.4   390.2   422.6   487.5   576.4  1675.3  43976.7    44165
read      232.5   113.7   101.3   164.3   177.4   227.2   244.8   254.3   262.3   270.5   282.1   300.4   348.2  1204.6  5321.0   6880.7     6895
read      276.2   116.2    86.8   139.1   152.9   267.5   318.8   344.5   363.4   385.1   412.9   456.8   543.1   709.9  2972.6  55147.7    55457
read      279.8   118.3    86.8   138.6   152.2   265.8   321.3   350.5   371.2   396.4   429.4   479.6   582.5   755.2  2164.2  61035.0    61164
read      396.7   437.7    86.8   157.3   176.8   298.2   358.3   397.3   431.6   482.0   574.4   974.3  2588.7  4286.4  8065.2 108167.3   108384
read      272.6   112.9    93.8   147.6   162.2   275.0   310.6   328.3   340.4   354.7   371.4   398.7   458.7   636.7  4286.6  33398.3    33319
read      385.6   387.4    86.8   153.6   172.4   293.0   355.5   396.5   432.4   487.1   597.2   979.5  2069.9  3728.0  7983.9  97861.7    97895
read      271.7   104.1    93.8   143.9   158.1   273.6   313.0   332.3   345.0   361.2   379.9   408.1   469.5   602.1  2950.2  39732.3    39720
read      286.7   136.5    86.8   139.2   153.1   266.4   325.3   357.2   381.3   411.4   452.0   511.5   641.0   828.6  3265.2  68721.0    68554
read      289.1   153.3    86.8   141.9   156.3   258.2   315.6   347.8   372.0   401.6   446.2   535.2   807.1  1425.3  3488.3  86729.7    86849
read      272.3    96.3    93.8   149.6   164.5   276.0   309.1   325.5   337.4   350.4   367.9   395.0   449.9   570.1  3867.4  30210.0    30264
read      429.8   548.4    93.8   156.4   176.0   302.1   367.0   409.4   446.1   496.7   580.8  1254.2  3319.7  5789.7  8103.4 100821.3   100754
read      267.9   109.4    86.8   141.4   155.7   250.4   302.4   330.3   349.8   372.4   400.3   443.6   545.2   867.4  3011.9  98261.0    98098
read      264.3   111.0    86.8   139.1   152.6   247.0   301.7   329.9   349.1   370.8   397.4   435.5   524.9   795.0  2314.2  86162.7    86028
read      265.0   106.7    86.8   140.4   154.0   247.7   300.8   329.0   348.0   370.5   397.8   437.2   530.0   805.7  2740.8  92949.7    93054
read      279.1   106.4    93.8   145.1   159.7   277.9   321.2   342.7   358.1   374.4   397.6   431.8   503.5   913.4  2701.8  42293.7    42348
read      270.5    82.8    93.8   149.0   164.2   274.3   307.6   323.8   335.7   348.0   366.2   392.7   444.9   583.2  1502.1  29587.3    29490
read      260.9    77.0    86.8   157.9   175.0   263.4   287.8   300.1   309.7   319.2   334.0   354.4   400.3   518.1  2741.5  18105.0    18187
read      377.1   369.4    86.8   152.5   170.4   288.5   347.9   386.2   418.3   464.8   568.3   977.1  2089.7  3310.2  7831.6  94965.3    95113
read      235.9    79.2    93.8   163.7   178.4   232.4   251.3   261.8   268.9   276.7   289.6   308.2   352.2   991.5  3835.8   8544.7     8570
read      276.7   120.7    86.8   137.9   150.9   262.4   317.7   346.0   367.1   392.0   424.6   472.8   571.3   744.0  3793.3  62291.3    62285
read      275.1   108.9    86.8   139.7   153.4   268.8   318.5   343.2   361.2   381.6   406.8   448.9   530.1   641.2  2345.0  52327.3    52582
read      272.4    87.6    93.8   147.2   161.7   276.0   312.2   330.4   342.5   357.6   374.3   401.8   460.7   542.3  1951.8  34179.7    34260
read      274.5   109.5    86.8   137.9   151.1   262.9   316.5   343.9   364.1   387.6   417.6   462.8   552.2   690.8  1990.0  59539.0    59493
read      278.6   108.8    86.8   139.4   153.0   268.6   321.0   348.4   368.4   392.1   422.4   467.1   562.8   710.9  1335.2  58324.0    58208
read      318.6   216.8    86.8   144.3   160.2   267.2   326.0   360.9   389.2   429.6   505.6   700.8  1200.7  2065.0  3629.6  93368.0    93458
read      258.7    82.5    93.8   158.2   176.2   260.0   283.7   296.1   305.7   315.9   329.9   350.4   396.4   494.2  4029.5  18063.3    18056
read      264.4   106.8    86.8   138.9   152.5   245.4   298.7   327.3   346.6   369.6   397.7   440.9   558.1   976.2  1565.2  93936.0    94134
read      272.3   122.0    93.8   145.9   160.6   273.7   311.6   330.3   342.9   358.4   375.6   403.3   464.8   590.5  5583.4  38012.3    37808
read      275.8   119.4    86.8   139.0   152.8   268.5   318.5   344.0   362.7   383.9   410.1   452.4   536.8   682.3  4730.7  53682.7    53481
read      271.5    99.3    93.8   151.9   168.1   273.9   304.5   319.4   330.9   343.0   360.5   386.1   438.3   770.9  2739.7  25601.0    25666
read      375.2   413.0    93.8   155.9   175.2   299.5   357.9   393.9   423.9   464.4   528.3   665.4  2497.0  4497.1  8006.8 109020.0   108853
read      268.7    89.9    93.8   143.9   158.0   270.7   310.3   329.1   342.0   357.5   374.6   403.1   465.4   591.7  2269.5  41380.7    41576
read      283.6   131.3    86.8   138.3   151.8   263.2   322.1   354.2   377.9   407.0   447.6   508.4   639.2   807.0  1726.5  70221.7    70282
read      273.8    94.4    86.8   140.7   154.8   272.4   317.5   340.1   356.2   373.8   397.3   432.1   502.0   598.2  1226.4  46013.0    45769
read      302.0   180.6    86.8   141.4   156.3   259.9   317.6   350.4   374.8   408.1   467.4   647.6  1009.9  1611.2  2923.4  92297.7    92383
read      248.0    99.4   101.3   163.8   182.2   245.3   266.0   276.3   285.5   294.6   308.6   329.6   385.1   614.8  5281.0  12098.7    12100
read      283.1   130.5    86.8   138.7   152.3   264.5   321.1   352.0   374.6   402.6   440.7   499.6   628.6   843.4  3180.7  67633.0    67747
read      289.5   132.8    80.4   140.7   154.9   268.3   327.7   360.4   385.1   416.0   458.3   522.1   663.5   856.2  2401.2  69108.3    68933
read      279.7   118.2    86.8   138.3   151.6   264.7   320.3   349.3   370.9   397.1   432.0   485.4   591.6   788.8  1815.9  63354.3    63242
read      272.7   117.0    86.8   138.3   151.5   254.7   311.9   340.5   360.7   383.8   414.4   467.2   602.2   842.6  2393.6  72904.7    72993
read      274.0   106.4    93.8   140.0   153.8   269.0   316.7   340.5   357.7   376.7   401.4   439.4   519.2   661.9  2557.1  50765.3    51022
read      289.3   138.1    80.4   140.1   154.0   269.0   327.5   359.5   383.6   413.8   455.4   519.5   662.6   861.1  3621.9  67071.0    67069
read      272.0   124.1    93.8   152.7   169.3   274.4   304.0   318.8   330.3   342.6   359.5   383.0   434.0   592.4  5653.3  24953.0    24895
read      287.9   128.5    93.8   140.1   153.9   267.1   326.2   357.9   381.7   411.9   453.6   518.2   663.4   863.5  2675.3  68221.7    68588
read      277.0   112.9    86.8   142.8   157.1   275.6   319.2   341.1   356.6   373.4   396.0   430.0   501.2   725.7  3119.6  42734.3    42706
read      277.3   110.6    86.8   141.5   155.4   271.6   320.3   344.7   362.4   382.1   405.5   444.7   527.7   810.7  2645.6  49443.7    49479
read      279.6   146.3    86.8   138.1   151.4   263.4   319.8   349.2   371.1   397.2   431.8   486.4   594.8   779.7  2352.4  64660.0    64792
read      286.6   135.3    86.8   138.4   152.0   261.9   322.1   355.9   381.1   413.4   458.1   527.1   690.4   936.7  2748.2  74075.3    73879
read      273.9    99.5    86.8   148.2   162.9   276.6   311.7   329.5   341.7   356.7   373.8   401.8   462.4   568.5  4196.9  31793.7    31893
read      273.0   123.3    86.8   139.6   153.1   254.8   311.7   339.6   359.1   381.3   409.3   458.9   602.3   902.9  2967.6  74228.0    74262
read      269.7   101.4    86.8   139.1   152.4   262.1   313.6   337.9   354.6   373.2   397.8   435.5   522.0   665.4  1983.0  57139.7    57246
read      289.9   155.9    86.8   143.1   157.7   259.0   315.0   345.7   368.6   396.5   435.5   521.2   881.3  1560.9  3018.9  91574.0    91617
read      276.4   113.2    86.8   139.7   153.4   267.7   319.4   345.8   364.7   386.4   413.7   455.7   538.6   683.3  2300.3  55235.7    55173
read      431.7   508.1    93.8   163.4   185.7   319.6   388.0   432.8   470.2   519.5   592.2   871.7  3353.3  5320.1  7981.0 108476.0   108633
read      258.2    86.7   101.3   160.5   179.1   257.9   281.2   293.1   301.9   312.8   325.9   346.7   398.7   809.3  3943.6  15659.3    15720
read      378.2   417.5    93.8   150.1   167.6   286.6   346.3   383.8   414.3   458.0   536.4   903.0  2503.7  3701.1  8034.6  99713.7    99961
read      273.3   113.1    86.8   145.9   161.2   257.1   307.6   335.2   354.7   376.8   404.6   449.3   546.6   807.6  1959.6 102170.0   102613
read      267.2   104.9    86.8   139.1   152.2   259.9   311.2   335.5   351.9   370.0   393.3   428.4   503.0   637.0  1492.4  57094.7    57169
read      276.8   120.3    86.8   138.7   152.5   267.6   319.8   345.9   365.2   387.6   416.2   459.9   544.4   688.7  2979.5  56865.7    56950
read      276.2   112.2    93.8   140.6   154.3   271.1   319.4   343.7   361.1   380.5   404.0   443.1   520.5   721.3  2725.6  49981.3    49938
read      224.5    64.6   109.4   161.5   173.7   221.6   237.6   247.6   253.9   263.2   273.0   292.1   340.0   971.2  3827.9   5386.7     5383
read      276.0    93.4    93.8   146.7   162.0   277.1   317.4   337.9   352.0   368.4   389.6   420.6   479.7   575.9  1763.7  39582.3    39719
read      278.3    89.2    86.8   150.8   166.4   280.2   318.4   337.7   350.9   366.5   386.1   415.1   470.6   577.5  2772.7  36546.7    36653
read      291.6   131.2    86.8   141.9   156.8   270.1   329.8   362.7   387.3   418.1   459.5   524.9   668.3   812.6  2167.5  69309.7    69482
read      280.3   109.1    86.8   144.6   160.0   276.5   322.7   345.5   362.4   381.1   403.8   442.8   517.8   703.4  3032.0  46718.3    46749
read      285.2   124.2    86.8   140.1   154.6   267.9   324.7   355.1   376.7   403.2   440.3   497.3   625.1   897.6  2466.1  65082.3    65109
read      277.1   116.7    86.8   143.1   157.9   274.1   319.7   342.8   359.4   377.3   400.2   435.0   504.9   616.6  2771.6  46632.7    46501
read      458.6   559.8    86.8   168.7   193.6   334.4   405.2   454.8   495.0   545.7   621.9   961.8  3460.1  6267.7  8109.7 109700.0   109480
read      285.7   135.0    80.4   139.7   153.5   264.5   322.7   354.1   376.4   404.4   444.7   509.0   665.2   942.6  3341.5  69619.3    69433
read      275.2   108.4    86.8   138.0   151.3   264.7   318.3   345.4   365.2   387.9   417.2   461.8   548.9   693.0  1974.2  58295.7    58157
read      279.4   120.6    86.8   137.2   150.4   258.9   317.9   349.4   372.8   401.5   440.8   501.0   624.1   800.6  1519.2  70880.3    70737
read      273.6   104.9    86.8   145.6   160.9   276.0   313.2   332.0   344.4   360.2   378.1   405.2   466.1   580.7  2942.1  34570.7    34617
read      299.9   155.9    86.8   141.8   156.3   268.5   331.2   368.3   398.0   436.3   490.0   572.7   751.5  1096.7  2032.8  77463.3    77563
read      263.7   111.4    86.8   137.7   150.7   243.2   298.1   327.1   347.0   369.9   398.1   443.3   584.1   916.9  2568.3  89720.3    90036
read      270.4    86.2    93.8   145.7   160.1   273.9   310.7   329.0   341.4   356.3   373.2   401.0   460.0   547.8  1283.4  36690.7    36689
read      272.6    98.4    93.8   140.4   154.3   271.1   316.8   339.4   355.1   372.3   395.4   429.6   497.9   593.9  1960.7  46729.7    46832
read      332.7   261.3    86.8   145.5   162.0   265.5   320.1   355.1   383.8   426.7   528.8   835.5  1468.9  2325.4  4487.5 104957.3   104903
read      254.6   106.5   101.3   162.0   180.3   253.3   274.6   287.0   294.9   305.7   317.9   338.7   384.0   932.6  3755.7  14185.3    14153
read      266.1    78.8    93.8   154.3   171.7   268.4   295.5   310.4   319.9   332.9   346.4   371.3   424.5   560.8  1926.2  21555.7    21674
read      230.7    80.3   101.3   164.8   177.3   226.4   244.2   253.7   261.4   269.6   280.4   297.3   346.3  1012.8  4112.8   5823.3     5689
read      273.1    94.6    93.8   144.6   159.5   275.7   314.3   333.9   346.7   363.3   382.8   412.5   468.7   544.1  2151.2  37660.3    37781
read      256.2    68.5    93.8   160.3   179.1   257.2   280.1   292.2   300.8   311.8   324.2   344.8   393.5   468.0  1933.4  15617.3    15507
read      296.8   200.3    86.8   145.2   160.8   261.1   313.5   342.8   365.0   392.1   430.3   513.2  1063.1  2371.0  4960.0 101867.0   102064
read      271.5   130.3    86.8   138.3   151.6   254.1   311.4   339.6   359.2   381.6   410.2   459.9   585.1   803.9  3113.1  71625.3    71340
read      285.9   141.4    86.8   138.0   151.1   257.0   318.1   353.0   380.2   415.6   464.3   537.0   711.6   959.7  2440.3  79934.3    79815
read      277.6   113.7    86.8   142.7   157.1   275.5   319.8   341.6   357.4   374.3   397.5   432.1   505.6   955.2  3807.7  44170.0    44352
read      392.6   480.3    86.8   155.6   175.0   293.3   350.8   386.3   413.6   450.2   505.2   747.6  3046.6  5047.8  8019.2 109585.0   109562
read      266.7   114.0    80.4   140.7   154.4   250.0   304.8   332.9   352.3   373.8   400.7   440.0   526.3   723.7  2202.8  86382.0    86219
read      274.0   107.7    86.8   143.1   157.3   272.6   317.6   339.4   354.3   370.6   392.5   425.6   495.7   629.2  2521.5  47219.0    47335
read      277.0   104.1    86.8   143.5   158.2   277.5   319.9   341.3   356.3   372.6   395.3   428.4   492.9   638.0  2285.0  41930.0    41962
read      277.6   109.8    86.8   141.9   156.2   274.9   320.5   343.4   359.9   377.9   401.3   437.2   509.4   697.5  3785.3  45649.3    45802
read      250.9    74.2   101.3   160.8   179.1   250.2   272.2   284.4   292.6   302.9   315.9   337.1   383.5   538.2  2036.7  13339.3    13389
read      271.2   121.8    86.8   141.5   155.8   250.7   303.2   331.5   351.4   374.3   402.8   452.3   626.9  1282.7  2303.2  95901.7    95780
read      257.3   102.4    86.8   136.8   149.8   239.4   294.3   322.7   341.9   363.4   389.0   426.0   502.5   685.8  1911.6  87730.7    87844
read      274.8   103.0    86.8   139.1   152.9   267.0   318.9   344.3   362.8   383.7   409.9   453.3   537.8   674.2  1070.5  55896.7    55903
read      362.1   351.3    86.8   150.7   168.3   283.7   342.9   381.5   413.7   460.8   545.7   808.4  1999.6  3397.0  7951.5 100626.7   100902
read      273.4   125.0    80.4   137.0   150.4   255.6   312.8   342.2   363.6   388.7   421.4   471.6   586.6   783.2  2463.4  71285.0    70988
read      275.8   103.9    86.8   139.1   152.9   268.8   319.9   345.4   364.0   385.1   411.1   452.2   535.5   678.7  1590.1  53728.3    53831
read      270.4    81.4    93.8   150.7   166.4   274.8   305.9   321.1   333.1   345.1   363.0   388.3   436.4   509.9  2074.3  26933.0    26948
read      273.2   107.7    93.8   148.1   162.7   276.2   311.4   329.4   341.5   356.4   373.5   400.4   457.5   576.2  4015.7  32470.3    32347
read      275.8   103.8    80.4   143.4   158.0   276.0   317.7   338.7   353.4   370.1   392.1   424.4   489.7   730.8  2549.7  41193.3    41050
read      275.4   105.6    86.8   138.4   152.0   266.7   318.7   345.1   363.9   385.9   414.6   459.3   543.0   674.3  1788.1  56334.0    56197
read      345.8   304.0    86.8   147.8   164.2   276.4   335.6   371.8   402.2   447.4   535.9   804.1  1653.8  3257.4  7583.7  94494.0    94617
read      260.3    97.8    86.8   137.0   150.0   246.4   302.8   329.9   347.4   367.2   390.7   424.5   491.7   648.9  1916.5  71942.0    71839
read      294.5   155.3    86.8   139.1   153.0   263.1   325.5   361.7   390.1   427.7   480.0   563.0   751.4  1089.4  4332.9  79305.0    79082
read      358.5   415.7    86.8   145.2   161.8   272.9   328.1   360.7   385.7   417.9   468.4   738.8  2635.5  3813.2  7925.9 108039.0   107630
read      278.3   110.0    86.8   139.3   152.9   266.3   321.1   348.4   368.2   391.9   422.7   469.8   575.0   770.2  1739.8  60166.3    60164
read      411.1   500.8    86.8   151.0   169.7   295.5   359.3   397.6   429.2   471.4   554.7  1189.8  2933.7  4487.2  9066.1  97771.7    97878
read      272.3   120.4    86.8   137.1   150.3   258.4   313.8   341.3   360.8   383.2   412.3   459.9   563.6   740.4  3816.9  63558.3    63680
read      294.2   144.8    86.8   140.9   155.2   267.5   329.3   364.3   391.3   426.0   473.2   546.7   708.9   971.5  2978.6  73757.7    73888
read      283.4   140.3    86.8   138.4   152.1   264.7   322.9   354.1   376.6   403.4   440.8   497.6   615.9   861.9  4112.7  65768.7    65499
read      268.1   119.3    80.4   140.0   153.7   247.2   299.8   328.4   348.4   371.8   400.8   449.5   611.7  1110.7  2960.9  96690.0    96906
read      274.9   113.5    86.8   145.0   160.2   258.3   309.2   336.6   356.1   378.5   407.3   453.9   571.6   954.5  2646.9 103416.0   103287
read      274.8    99.6    86.8   140.7   154.5   271.7   319.4   343.0   359.8   378.2   401.5   436.8   507.3   616.5  1945.1  49541.3    49664
read      271.1    86.3    86.8   146.8   161.2   275.3   310.0   327.3   339.9   354.3   371.2   398.4   454.4   534.3  2076.1  32529.7    32535
read      275.0   109.2    86.8   141.6   155.6   271.8   318.2   341.1   357.4   375.1   397.8   431.5   503.5   683.1  2724.6  46475.7    46477
read      233.5    57.7    93.8   166.9   180.7   229.9   247.3   256.6   264.7   272.7   285.5   304.6   350.0   986.4  2020.4   7390.3     7459
read      293.6   134.1    86.8   141.7   156.2   267.5   328.2   363.2   390.2   424.9   471.0   544.8   705.5   902.9  2408.2  73735.0    74137
read      277.0   112.4    86.8   139.1   152.6   267.3   320.1   346.6   366.1   388.7   417.7   461.8   546.9   686.3  2840.0  56891.3    57061
read      274.4    84.2    86.8   147.2   162.1   278.4   315.3   334.1   346.3   362.0   379.8   405.3   461.8   547.8  1264.1  34084.7    34213
read      231.9    72.1    93.8   164.9   178.7   228.5   245.8   254.8   262.9   271.1   282.6   298.7   343.1   971.9  2163.5   7409.0     7432
read      276.9   140.7    86.8   144.2   158.6   276.2   318.8   339.8   354.6   371.1   393.1   425.4   491.5   717.4  3852.8  41502.7    41605
read      274.5   107.3    93.8   148.1   162.7   277.7   313.2   331.0   342.7   357.6   374.3   402.1   461.1   621.6  3264.5  32916.0    32998
read      283.2   114.2    86.8   139.7   153.6   269.7   325.9   354.8   375.1   400.3   433.9   486.7   590.5   758.0  1180.5  61501.0    61636
read      283.6   122.3    86.8   139.3   153.0   266.5   323.7   354.0   375.5   402.4   439.2   496.3   615.6   855.4  2251.2  64718.7    64695
read      254.9    76.6    93.8   162.5   181.0   254.8   276.8   289.5   297.4   309.1   320.8   342.4   391.7   526.4  1607.6  14108.3    14063
read      300.9   174.4    86.8   143.4   158.4   261.4   318.2   351.3   376.9   411.8   470.2   628.1   933.6  1372.1  3209.1  90962.3    91302
read      228.0    93.4   101.3   162.4   175.1   224.4   241.3   250.7   257.4   266.5   275.8   294.1   336.2  1027.4  6075.5   6019.3     6064
read      277.0    98.5    86.8   143.4   158.1   277.4   320.0   341.7   357.2   373.9   396.3   429.3   495.4   589.9  2290.1  41536.0    41354
read      265.8    74.8    86.8   156.2   173.7   268.4   294.7   308.7   317.9   329.9   343.5   367.1   416.9   499.6  2383.8  19859.0    19863
read      267.1   113.0    93.8   157.3   175.3   267.9   294.7   309.1   318.4   330.9   344.9   369.4   422.2   510.5  5186.0  19537.7    19488
read      257.9    81.4   101.3   164.0   183.7   257.7   279.9   292.1   300.6   311.4   323.2   344.0   395.0   512.5  3189.3  13930.7    14040
read      267.1    79.9    93.8   157.6   175.4   268.9   295.1   309.5   318.9   331.3   344.8   368.9   421.2   690.4  2405.8  19473.7    19538
read      268.1    66.2    93.8   157.8   176.3   270.1   297.2   312.3   321.9   335.3   349.8   373.1   423.5   497.3   769.0  19992.3    20199
read      353.8   370.0    86.8   154.2   172.3   289.7   345.3   379.1   404.6   439.3   491.1   592.6  2084.8  4115.6  7888.5 106737.7   106657
read      266.3   132.3    86.8   140.5   154.2   247.7   301.4   329.5   348.6   371.0   398.0   437.2   531.8   864.5  4781.4  92415.0    92457
read      268.3   104.9    86.8   142.5   156.7   251.4   303.5   331.3   350.8   373.1   400.6   443.1   542.5   847.4  2622.5  92981.7    92780
read      266.5   117.2    86.8   139.8   153.0   254.7   308.8   334.6   351.8   370.9   394.8   429.4   501.4   682.3  3921.5  68202.0    68203
read      266.3   125.9    86.8   139.8   153.1   250.0   304.8   332.4   351.2   372.2   398.5   436.2   523.7   776.7  3408.9  82109.3    81753
read      276.3   106.3    86.8   139.8   153.3   266.9   319.3   345.4   364.4   386.5   415.1   460.0   546.6   692.9  1356.3  57764.0    57748
read      265.7    83.2    93.8   154.2   171.6   267.6   294.3   308.8   318.4   330.8   344.6   368.8   421.2   602.6  2679.9  21108.0    21027
read      278.4   106.7    86.8   140.7   154.9   273.9   321.8   345.6   363.4   383.7   409.1   450.2   528.4   684.9  3175.7  49813.3    49680
read      295.6   146.8    86.8   143.1   157.8   265.1   324.3   357.9   383.4   417.5   469.7   569.6   779.4  1055.1  2070.1  81973.3    82042
read      269.3   102.1    86.8   142.3   156.7   253.7   306.7   334.3   353.6   374.7   401.7   443.3   534.2   758.5  2030.8  93732.7    93691
read      278.9   105.3    93.8   142.7   157.2   277.1   321.6   343.6   359.9   377.6   400.9   437.6   519.0   750.3  2512.9  45405.0    45291
read      275.1    90.5    93.8   149.2   164.4   277.8   312.3   330.0   342.3   357.8   375.4   403.3   464.4   587.8  1597.0  30554.0    30437
read      280.8   118.6    86.8   138.4   152.0   264.3   320.8   351.2   373.0   400.1   435.5   490.9   601.2   785.6  1654.4  67532.0    67422
read      286.1   141.8    80.4   139.6   153.2   265.9   324.4   356.1   379.5   408.3   448.8   507.8   635.3   840.9  4447.7  69990.0    69956
read      276.6   109.5    93.8   145.8   161.3   278.7   316.0   335.0   347.4   363.8   383.6   414.2   480.6   740.2  2860.9  35316.0    35404
read      296.1   166.6    93.8   142.5   157.1   265.1   324.1   357.7   383.6   418.4   471.3   566.7   771.7  1190.2  6154.9  80664.0    80225
read      268.1   117.7    86.8   143.1   157.7   252.0   301.9   328.7   347.2   369.7   397.2   438.8   539.0   789.9  3306.0 105244.7   105585
read      264.3    72.3    93.8   154.9   172.5   266.3   292.5   306.7   316.2   328.2   342.7   366.6   415.5   506.4  2561.8  20139.3    20088
read      253.9   116.4    93.8   163.9   183.1   252.0   273.3   285.6   293.6   304.1   316.8   338.0   388.4   661.4  4273.1  12541.7    12672
read      256.5    61.0    93.8   159.7   178.0   257.8   281.3   293.8   303.1   313.6   326.6   345.7   393.7   488.3  1217.6  15643.7    15696
read      271.0    87.9    93.8   150.9   167.0   274.1   304.9   319.9   331.7   343.9   361.9   388.2   438.2   536.7  3801.9  25962.0    25951
read      280.1   131.0    86.8   137.9   151.4   263.9   319.5   349.1   370.9   397.2   432.2   486.9   596.2   865.0  3455.1  65170.7    65007
read      243.6    75.4    93.8   164.0   180.5   241.7   262.1   272.5   280.7   290.5   302.5   319.9   368.6   565.2  2033.5  10220.0    10189
read      276.5   120.0    93.8   140.2   153.9   255.9   313.1   342.5   363.5   388.1   421.7   480.5   646.8   848.6  1970.9  77702.0    78008
read      248.6    70.0   101.3   161.8   180.0   247.8   269.1   280.7   289.2   297.8   312.0   332.0   375.9   530.2  2235.3  12660.0    12678
read      259.0    74.0   101.3   159.3   178.0   259.3   283.2   295.4   305.4   316.1   330.9   352.4   403.6   673.6  3291.6  15900.0    15922
read      273.7   106.8    93.8   142.3   156.5   273.1   315.6   337.1   351.8   368.6   390.3   423.0   488.8   597.3  4365.6  41623.7    41774
read      273.6    99.0    93.8   144.0   158.5   275.4   315.3   335.4   348.9   365.5   385.7   415.7   471.8   570.1  3387.4  38664.3    38788
read      274.2   101.9    86.8   145.9   161.0   276.7   313.5   332.0   344.3   360.2   378.6   407.3   469.4   597.6  3032.0  34480.0    34559
read      275.4   103.4    86.8   139.2   152.7   268.0   319.5   345.2   363.8   385.0   411.4   453.2   534.0   645.5  1369.4  54976.0    54825
read      275.2   105.4    86.8   142.6   157.0   274.4   317.1   338.6   353.7   370.9   393.3   426.4   494.7   708.7  2779.8  42808.3    42697
read      258.3   101.7   101.3   171.0   189.1   256.5   277.2   289.2   296.6   307.7   319.3   341.1   388.7   650.2  5394.2  12561.7    12669
read      294.0   139.7    86.8   143.5   158.5   271.7   330.3   363.4   388.8   421.0   464.1   531.8   673.8   839.3  3495.5  69887.7    70047
read      306.6   214.6    93.8   146.6   162.4   266.5   320.6   350.8   372.8   400.0   438.6   528.9  1256.8  2342.8  4518.7  96550.7    96137
read      266.0   115.8    86.8   141.1   155.1   248.5   301.3   329.4   348.8   371.2   398.8   439.7   531.9   771.9  2342.8  93118.3    92934
read      270.7   104.3    93.8   160.9   178.5   271.6   297.6   311.9   320.9   334.1   347.8   371.8   424.8   790.7  4135.8  20706.3    20597
read      283.1   152.3    86.8   139.0   152.7   264.8   321.8   352.7   374.3   401.3   437.1   494.7   614.6   804.8  7695.7  66775.3    66597
read      279.2   116.7    86.8   138.5   152.2   266.8   320.6   348.8   369.6   394.1   426.7   475.5   578.4   745.4  2421.3  60135.0    59987
read      276.1   120.3    86.8   138.2   151.7   265.4   318.6   345.6   365.2   388.0   417.6   462.0   547.9   727.2  3063.5  58410.3    58456
read      278.3   111.7    86.8   138.4   152.0   266.8   320.5   348.2   368.4   392.6   424.8   471.8   570.4   745.1  1422.7  60085.7    59958
read      280.3   132.4    86.8   142.9   157.6   255.0   308.3   338.0   359.7   385.6   421.2   491.1   753.8  1154.3  2105.5  98237.0    98221
read      269.5   116.1    86.8   139.2   152.5   262.6   312.1   335.5   351.2   369.6   393.4   430.4   513.5   737.2  4002.2  55868.7    55912

Total QPS = 57634.6 (103742304 / 1800.0s)

Total connections = 64
Misses = 0 (0.0%)
Skipped TXs = 0 (0.0%)

RX 25624348347 bytes :   13.6 MB/s
TX          0 bytes :    0.0 MB/s
Warning! Detected max cpu usage > 95%
CPU Usage Stats (avg/min/max): 99.89%,1.99%,100.00%
