#type       avg     std     min      p5     p10     p50     p67     p75     p80     p85     p90     p95     p99    p999   p9999     QPS   target
read      238.3    94.3    86.8   150.8   170.0   230.3   252.9   267.2   277.2   290.3   307.9   340.6   431.3   885.6  3840.7   5062.0     5000
read      274.8   108.9    80.4   148.5   175.3   268.1   299.2   316.9   331.6   348.9   370.6   409.1   508.6   867.7  4009.7  10052.4    10000
read      299.5   112.8    86.8   147.1   170.0   292.3   333.5   358.0   373.9   395.9   425.1   471.2   583.8   936.6  2819.9  15118.2    15000
read      321.2   129.1    74.4   145.6   168.6   310.0   361.9   390.8   413.0   439.9   474.9   531.1   659.9   959.0  3822.1  19925.8    20000
read      367.0   221.3    80.4   147.2   173.5   335.8   400.9   440.7   471.3   509.1   559.4   651.5  1019.1  2406.5  7711.3  25030.0    25000
read      382.3   306.1    80.4   141.5   168.8   339.9   408.8   450.9   481.1   517.5   564.7   650.4  1664.2  3844.2  7981.0  30130.2    30000
read     2055.2  1103.1    86.8   634.8  1417.8  1970.3  2108.0  2167.8  2212.3  2299.0  2406.5  3051.0  7881.4  9387.0 12153.7  33119.2    35000
read     2177.8  1108.2    86.8  1426.5  1536.4  2043.8  2163.3  2230.7  2285.5  2340.4  2451.7  3144.3  7926.4 10173.3 13888.8  32567.6    40000
read     2134.8  1080.6    93.8  1430.4  1525.9  1973.6  2096.0  2153.2  2189.0  2265.4  2359.4  3176.1  7928.7 10112.5 15524.9  33421.0    45000
read     2148.8  1062.3   137.8  1431.9  1528.5  2005.3  2123.0  2174.5  2215.2  2287.2  2359.2  3097.8  7900.3  9973.0 15306.1  33199.0    50000
read     2154.1  1068.9   118.1  1428.0  1528.3  1995.2  2117.6  2173.1  2218.7  2301.2  2405.1  3187.1  7905.6  9887.0 15433.6  33106.0    55000
read     2087.8  1078.4   187.4  1354.6  1457.5  1926.8  2071.4  2138.2  2179.9  2254.9  2360.1  3177.3  7904.2 10040.2 15491.3  34219.1    60000
read     2122.8  1074.8   202.4  1409.8  1503.9  1969.0  2092.4  2145.5  2178.6  2237.2  2340.1  3200.2  7920.4 10086.9 12881.7  33710.2    65000
read     2133.1  1047.5   202.4  1417.4  1514.1  1977.1  2100.1  2155.5  2190.1  2272.7  2374.0  3152.3  7889.2  9066.5 12141.5  33423.2    70000
read     2135.3  1065.6   346.9  1401.9  1502.7  1989.5  2113.6  2167.9  2204.5  2284.2  2364.0  3074.6  7915.5 10075.6 13624.7  33417.4    75000
read     2008.0  1046.4   173.5  1315.0  1404.4  1869.8  1978.3  2027.2  2079.1  2140.8  2211.6  2965.1  7893.0  9925.4 12828.2  35492.6    80000
Warning! Detected max cpu usage > 95%
CPU Usage Stats (avg/min/max): 66.36%,1.51%,100.00%
