#type       avg     std     min      p5     p10     p50     p67     p75     p80     p85     p90     p95     p99    p999   p9999     QPS   target
read      233.8    64.0    86.8   151.7   171.4   227.2   250.3   264.3   273.7   286.5   302.0   330.3   414.0   617.3  1963.1   4930.6     5000
read      270.8   103.1    86.8   150.7   174.7   263.3   293.7   311.4   324.0   341.3   365.0   402.8   519.0  1386.1  1999.0  10003.8    10000
read      298.1   135.5    86.8   142.7   168.1   290.9   330.2   354.0   371.2   392.4   420.0   465.8   577.2  1274.9  4047.8  14946.2    15000
read      321.3   131.9    80.4   144.5   168.9   310.2   361.4   389.4   410.2   436.3   472.2   531.2   665.6  1251.2  3405.5  19957.0    20000
read      340.8   170.6    80.4   145.1   169.7   321.7   381.2   416.6   442.8   473.6   513.9   575.5   741.9  1735.9  4370.4  24993.0    25000
read      467.8   477.1    80.4   152.5   183.1   361.2   445.0   498.9   540.4   596.2   721.5  1258.1  2320.3  7370.6  8158.8  29939.8    30000
read     2089.7  1088.0    86.8  1305.5  1430.1  1971.5  2105.3  2163.5  2199.8  2287.7  2375.6  3180.8  7888.2  9349.1 12621.0  33395.0    35000
read     2101.9  1051.0   101.3  1401.9  1496.9  1957.3  2078.5  2136.5  2172.7  2227.2  2335.2  3030.1  7888.7  9536.6 12933.6  33793.4    40000
read     2091.4  1062.9   101.3  1397.5  1495.4  1943.7  2055.3  2114.7  2151.9  2189.0  2304.5  2953.3  7906.0  9905.5 13424.2  34160.0    45000
read     2115.1  1049.1    93.8  1417.7  1509.6  1973.5  2094.6  2146.5  2179.0  2234.3  2330.5  3083.0  7886.6  9586.1 13715.0  33624.6    50000
read     2117.2  1050.8   148.8  1408.1  1501.8  1972.5  2095.6  2149.7  2183.5  2248.2  2341.9  3111.8  7895.9  9697.9 13087.1  33679.8    55000
read     2045.1  1054.5   202.4  1319.4  1422.5  1893.2  2043.5  2113.2  2156.8  2201.4  2329.1  2948.1  7880.8 10065.9 13897.5  34798.0    60000
read     2158.5  1102.7   202.4  1401.8  1503.2  1996.9  2123.6  2179.9  2235.8  2318.6  2456.1  3312.0  7928.2 10204.6 14976.9  33163.8    65000
read     2175.3  1085.0   173.5  1427.5  1528.5  2024.1  2139.3  2191.7  2250.0  2316.5  2406.4  3403.3  7912.0  9693.3 15373.5  32832.6    70000
read     2125.9  1053.4   218.6  1432.5  1526.3  1964.3  2088.8  2148.5  2185.8  2263.8  2366.2  3042.9  7909.2  9975.8 12954.4  33552.2    75000
read     2151.6  1057.1   118.1  1431.2  1527.1  1995.4  2118.0  2172.8  2217.0  2298.5  2391.1  3267.6  7901.0  9724.5 13654.8  33127.0    80000
Warning! Detected max cpu usage > 95%
CPU Usage Stats (avg/min/max): 66.93%,1.00%,100.00%
