#type       avg     std     min      p5     p10     p50     p67     p75     p80     p85     p90     p95     p99    p999   p9999     QPS   target
read      245.5   126.4    93.8   152.7   173.3   232.6   257.0   271.8   283.4   296.5   317.5   361.1   498.2  1624.0  5036.2   4978.0     5000
read      285.5   126.8    80.4   149.6   177.3   275.5   309.7   330.3   346.7   366.8   393.7   442.2   574.6  1000.7  4240.2   9929.8    10000
read      299.7   105.8    80.4   143.9   169.9   292.5   334.3   358.8   374.4   397.3   427.4   474.9   583.3   815.5  2399.0  15022.0    15000
read      329.8   177.0    80.4   144.7   168.0   312.6   365.4   395.0   418.0   445.9   483.6   544.9   749.2  2298.7  7116.5  20015.0    20000
read      404.2   296.8    80.4   153.5   181.7   357.0   428.1   472.0   506.1   547.3   608.8   745.7  1546.9  3029.0  7923.8  25000.6    25000
read     1890.9  1300.0    86.8   256.2   340.6  1941.6  2180.2  2312.4  2417.3  2578.7  2849.7  3426.4  7853.9  9261.5 12795.9  30005.6    30000
read     2260.6  1091.5   173.5  1484.5  1591.0  2064.3  2197.5  2299.3  2363.9  2504.0  2746.2  3460.4  7924.3  9926.4 13459.5  31476.6    35000
read     2105.0  1063.8   109.4  1383.9  1481.9  1938.5  2066.6  2138.1  2182.7  2273.5  2422.0  3244.8  7890.9  9563.8 12667.0  33722.4    40000
read     2291.0  1118.6   101.3  1490.0  1604.0  2097.7  2248.7  2333.5  2399.8  2517.3  2725.5  3448.8  7955.3 10230.2 14004.9  31199.2    45000
read     2176.1  1067.1   137.8  1431.2  1535.9  2003.1  2131.4  2190.7  2261.7  2343.7  2522.7  3298.5  7911.2  9943.5 13187.3  32744.6    50000
read     2171.6  1077.2   297.4  1431.1  1532.8  1998.4  2123.9  2181.6  2243.3  2331.1  2495.7  3242.3  7913.1  9594.6 12759.2  32911.6    55000
read     2173.1  1142.9   137.8  1378.3  1491.5  1958.1  2111.7  2190.4  2277.8  2374.1  2617.7  3510.1  7930.9 10045.1 14784.0  33035.6    60000
read     2221.5  1126.7   255.0  1427.3  1539.0  2039.0  2166.0  2249.1  2319.9  2411.7  2600.8  3446.5  7959.8 11045.1 14645.8  32274.0    65000
read     2083.6  1040.2   202.4  1391.7  1482.8  1928.2  2038.0  2110.3  2155.4  2202.5  2346.8  3059.2  7887.9  9828.3 12847.4  34145.2    70000
read     2128.5  1100.4   202.4  1394.3  1488.1  1940.1  2070.6  2144.1  2190.1  2291.5  2460.4  3428.1  7911.8  9976.3 14938.7  33584.4    75000
read     2066.2  1087.8   187.4  1343.2  1440.2  1910.4  2020.5  2091.2  2140.9  2190.6  2342.3  3127.9  7915.4 10949.6 15020.7  34556.4    80000
Warning! Detected max cpu usage > 95%
CPU Usage Stats (avg/min/max): 66.03%,0.50%,100.00%
