#type       avg     std     min      p5     p10     p50     p67     p75     p80     p85     p90     p95     p99    p999   p9999     QPS   target
read      226.5    81.8    86.8   145.4   163.8   220.8   241.5   253.6   263.7   274.5   291.3   316.4   381.3   918.5  3194.0   4956.8     5000
read      265.5    89.7    86.8   143.4   171.1   261.0   291.3   308.7   320.5   339.1   361.7   396.5   478.9   642.1  2771.2   9998.8    10000
read      297.8   123.7    80.4   143.3   167.7   290.2   330.4   354.9   371.5   393.6   423.0   470.8   591.7   936.8  3361.5  14999.4    15000
read      320.1   146.7    80.4   142.0   166.5   309.2   359.3   387.8   408.2   434.1   467.3   521.8   655.1  1562.0  4069.1  20033.2    20000
read      354.6   186.6    80.4   138.8   167.0   335.4   397.0   433.6   461.3   494.6   536.0   600.5   844.8  1998.5  4987.8  24973.4    25000
read      406.9   291.1    74.4   151.2   180.5   357.0   434.0   482.5   518.1   562.0   627.4   781.5  1436.7  2758.2  7947.8  30118.1    30000
read     2109.1  1112.7    86.8  1307.8  1446.3  1981.7  2121.7  2185.0  2250.6  2331.7  2486.1  3195.2  7912.8 10054.5 13282.3  32905.4    35000
read     2149.6  1067.4   109.4  1402.7  1506.4  1980.7  2112.0  2174.9  2235.8  2333.3  2517.4  3252.1  7898.8  9697.7 12606.0  33008.6    40000
read     2211.8  1070.0   255.0  1448.5  1557.3  2033.4  2158.0  2234.5  2311.0  2405.3  2629.1  3332.9  7917.7  9907.5 11955.6  32148.0    45000
read     2023.9  1065.7   404.6  1294.8  1392.7  1836.9  1977.7  2051.8  2126.9  2205.2  2416.1  3127.3  7885.4  9655.3 12599.4  35227.6    50000
read     2198.5  1080.1   236.1  1438.1  1542.0  1997.8  2142.1  2226.7  2318.1  2440.6  2656.3  3274.0  7917.8  9681.8 12646.3  32506.6    55000
read     2448.0  1173.0   202.4  1497.7  1630.5  2186.1  2444.7  2610.6  2738.3  2906.5  3151.4  3811.2  7963.9 10347.5 13491.2  29294.0    60000
read     2153.4  1100.6   118.1  1353.1  1457.5  1963.7  2105.6  2180.5  2263.3  2371.4  2625.5  3398.9  7912.6  9977.1 14341.6  33186.0    65000
read     2176.8  1073.8   127.6  1461.1  1562.8  2022.8  2137.7  2190.3  2248.0  2315.8  2404.4  3087.3  7916.4  9929.0 15123.0  32844.4    70000
read     2201.5  1073.8   160.7  1469.8  1571.7  2033.2  2150.3  2210.5  2279.7  2348.9  2500.3  3253.7  7916.5  9892.0 14090.2  32460.3    75000
read     2086.9  1046.9   202.4  1389.9  1482.4  1921.8  2029.7  2104.2  2153.2  2207.9  2374.9  3195.2  7882.5  9681.3 12683.8  34124.6    80000
Warning! Detected max cpu usage > 95%
CPU Usage Stats (avg/min/max): 66.66%,1.00%,100.00%
