#type       avg     std     min      p5     p10     p50     p67     p75     p80     p85     p90     p95     p99    p999   p9999     QPS   target
read      233.7    80.8    86.8   153.3   170.9   225.9   248.3   262.1   271.7   285.1   302.8   334.4   414.9   727.2  3631.4   4992.4     5000
read      262.3    94.9    86.8   147.9   170.9   256.3   285.9   302.0   314.6   330.6   352.0   386.9   477.3  1191.7  3832.6   9925.6    10000
read      283.9   107.7    80.4   137.6   160.9   278.7   316.1   338.5   355.0   373.8   400.7   442.9   541.7   791.5  2157.0  15049.2    15000
read      316.2   123.3    80.4   137.7   163.3   306.7   356.9   385.5   406.5   432.8   467.6   522.2   650.1   981.6  2203.4  19958.2    20000
read      335.3   150.1    80.4   140.6   166.5   320.2   378.4   412.9   437.7   468.4   507.6   567.3   717.7  1290.8  3360.4  25024.0    25000
read      383.4   215.7    80.4   148.9   177.8   351.7   425.2   468.4   501.6   540.0   590.5   692.8  1033.1  1944.1  7576.9  29978.8    30000
read     2121.4  1082.6    86.8  1392.6  1495.0  1974.7  2105.4  2163.8  2201.2  2291.5  2395.2  3161.3  7902.9  9932.2 14711.5  33244.4    35000
read     2183.0  1097.3    93.8  1466.4  1564.2  2022.5  2136.5  2188.7  2247.2  2319.0  2434.0  3221.7  7941.2 10368.2 14733.2  32704.6    40000
read     2088.3  1077.8   160.7  1339.1  1436.2  1942.2  2068.3  2127.1  2163.9  2202.8  2331.9  3283.1  7913.2  9986.2 14242.8  34209.6    45000
read     2131.6  1059.1   109.4  1400.9  1495.4  1986.1  2108.1  2160.4  2193.1  2271.6  2361.7  3229.8  7900.0  9403.6 10952.1  33453.1    50000
read     2089.1  1053.0   148.8  1407.9  1497.0  1943.2  2057.3  2113.7  2149.0  2184.2  2278.4  2844.1  7896.9  9263.9 12355.6  34249.2    55000
read     2040.7  1022.1   137.8  1374.0  1459.1  1896.6  1998.4  2053.8  2107.8  2161.7  2263.2  3038.5  7865.4  9226.1 11831.6  34877.6    60000
read     2049.3  1033.4   109.4  1393.2  1478.3  1897.4  2000.3  2058.0  2112.0  2165.9  2275.2  3059.8  7877.9  9613.1 12866.9  34715.8    65000
read     2133.0  1079.8   118.1  1426.6  1520.7  1964.7  2087.0  2146.6  2183.9  2260.9  2367.4  3185.0  7915.0  9854.3 12815.6  33561.7    70000
read     2083.6  1053.1   173.5  1398.0  1484.6  1927.9  2033.5  2100.6  2143.3  2186.0  2310.6  3252.7  7891.8  9847.8 13922.4  34257.7    75000
read     2262.4  1104.8   218.6  1463.1  1570.2  2068.1  2195.5  2297.4  2363.1  2498.9  2733.4  3592.5  7923.6  9786.4 13486.3  31582.8    80000
Warning! Detected max cpu usage > 95%
CPU Usage Stats (avg/min/max): 67.00%,0.50%,100.00%
